100 	 105 	 6.1710231462e-06 	 2.4848506163e-05
200 	 208 	 5.1378627932e-06 	 2.2663020880e-05
300 	 310 	 4.5268309852e-06 	 1.6991460503e-05
400 	 411 	 4.0359350442e-06 	 1.2521934996e-05
500 	 511 	 3.6861371549e-06 	 1.0847963163e-05
600 	 612 	 3.4784317320e-06 	 1.2521266167e-05
700 	 714 	 3.1684512275e-06 	 3.4190185541e-05
800 	 816 	 2.4261582408e-06 	 2.2489531157e-05
900 	 916 	 2.0073454321e-06 	 1.0297914646e-05
1000 	 1017 	 1.7758313072e-06 	 2.2589248031e-05
1100 	 1118 	 1.6409652697e-06 	 7.3688462754e-06
1200 	 1222 	 1.5554015436e-06 	 6.1621788752e-06
1300 	 1325 	 1.5155010151e-06 	 5.1402982679e-06
1400 	 1426 	 1.4989082270e-06 	 1.5734608431e-06
1500 	 1528 	 1.4921422877e-06 	 1.1705995311e-06
1600 	 1632 	 1.4882129651e-06 	 1.4533962817e-06
1700 	 1733 	 1.4849177597e-06 	 1.2991087961e-06
1800 	 1834 	 1.4809242126e-06 	 1.2819827751e-06
1900 	 1936 	 1.4760161073e-06 	 1.4349623978e-06
2000 	 2040 	 1.4722167605e-06 	 1.8422140371e-06
2100 	 2140 	 1.4702763132e-06 	 8.7411726087e-07
2200 	 2244 	 1.4694875525e-06 	 6.4400479996e-07
2300 	 2347 	 1.4691320049e-06 	 5.2352309799e-07
2400 	 2448 	 1.4688808961e-06 	 3.2978780440e-07
2500 	 2549 	 1.4687447043e-06 	 1.7607812538e-07
2600 	 2651 	 1.4686739123e-06 	 1.3535407831e-07
2700 	 2753 	 1.4686436659e-06 	 1.0663502729e-07
2800 	 2856 	 1.4686179483e-06 	 9.6578702972e-08
2900 	 2959 	 1.4685994356e-06 	 6.1313013201e-08
3000 	 3060 	 1.4685806734e-06 	 1.4852829334e-07
3100 	 3163 	 1.4685591839e-06 	 9.5893972856e-08
3200 	 3266 	 1.4685454063e-06 	 7.3293975297e-08
3300 	 3368 	 1.4685365453e-06 	 6.0792154502e-08
3400 	 3469 	 1.4685304100e-06 	 6.7586047771e-08
3500 	 3571 	 1.4685274874e-06 	 2.8908263010e-08
3600 	 3672 	 1.4685264224e-06 	 1.5772189322e-08
3700 	 3775 	 1.4685261370e-06 	 9.4234802504e-09
3800 	 3878 	 1.4685260097e-06 	 1.1722495891e-08
3900 	 3979 	 1.4685259337e-06 	 4.9319789322e-09
4000 	 4082 	 1.4685259051e-06 	 3.1033000315e-09
4100 	 4187 	 1.4685258921e-06 	 2.0202418578e-09
4200 	 4290 	 1.4685258826e-06 	 1.5060265949e-09
4300 	 4391 	 1.4685258749e-06 	 1.6676230293e-09
4400 	 4492 	 1.4685258686e-06 	 1.0742972141e-09
4500 	 4594 	 1.4685258650e-06 	 1.2026926754e-09
4600 	 4696 	 1.4685258617e-06 	 1.1811668621e-09
4700 	 4797 	 1.4685258593e-06 	 1.0341065336e-09
4800 	 4900 	 1.4685258584e-06 	 6.1532966960e-10
4900 	 5000 	 1.4685258579e-06 	 4.6615248820e-10
5000 	 5105 	 1.4685258576e-06 	 2.9690925146e-10
5100 	 5206 	 1.4685258574e-06 	 1.9048424534e-10
5200 	 5308 	 1.4685258574e-06 	 9.7905024827e-11
5300 	 5415 	 1.4685258574e-06 	 1.0673811330e-10
5400 	 5518 	 1.4685258574e-06 	 8.0306094952e-11
5500 	 5622 	 1.4685258574e-06 	 2.5488335778e-11
# ---- 
 1 		 5512 	 5651 		 2.5024151276e-05 	 1.4685258574e-06 	 3.5880353364e-11
# ---- 
100 	 104 	 4.5273272813e-06 	 3.0770005659e-05
200 	 207 	 3.9317659254e-06 	 1.4592527358e-05
300 	 311 	 3.7797297241e-06 	 1.3104506405e-05
400 	 412 	 3.7399948776e-06 	 4.0993858150e-06
500 	 513 	 3.7222270005e-06 	 2.0558466327e-06
600 	 616 	 3.7139070001e-06 	 2.4075798336e-06
700 	 721 	 3.7098144128e-06 	 1.2903525756e-06
800 	 822 	 3.7057524704e-06 	 1.6295520957e-06
900 	 925 	 3.7016184998e-06 	 1.1737239354e-06
1000 	 1026 	 3.6993237203e-06 	 8.6489047155e-07
1100 	 1129 	 3.6984128391e-06 	 5.7721353013e-07
1200 	 1231 	 3.6979957867e-06 	 2.8870659303e-07
1300 	 1333 	 3.6978234563e-06 	 2.0808869604e-07
1400 	 1435 	 3.6977597925e-06 	 1.0887677957e-07
1500 	 1538 	 3.6977306530e-06 	 1.6547414665e-07
1600 	 1640 	 3.6977184204e-06 	 6.8657525323e-08
1700 	 1742 	 3.6977129218e-06 	 3.5277535022e-08
1800 	 1844 	 3.6977093404e-06 	 5.4803613229e-08
1900 	 1946 	 3.6977060674e-06 	 8.7962398610e-08
2000 	 2050 	 3.6977027558e-06 	 4.5224612478e-08
2100 	 2153 	 3.6977003807e-06 	 2.7473422930e-08
2200 	 2254 	 3.6976991935e-06 	 1.6206177730e-08
2300 	 2357 	 3.6976986205e-06 	 1.1211463859e-08
2400 	 2458 	 3.6976983158e-06 	 2.2822853167e-08
2500 	 2562 	 3.6976980643e-06 	 9.9125099375e-09
2600 	 2665 	 3.6976978851e-06 	 5.9453739809e-09
2700 	 2767 	 3.6976977328e-06 	 7.0523405521e-09
2800 	 2868 	 3.6976976066e-06 	 7.3728336197e-09
2900 	 2972 	 3.6976975335e-06 	 7.4209618152e-09
3000 	 3075 	 3.6976974974e-06 	 3.8184598027e-09
3100 	 3178 	 3.6976974724e-06 	 4.0768201224e-09
3200 	 3280 	 3.6976974497e-06 	 3.3422843370e-09
3300 	 3381 	 3.6976974338e-06 	 4.2406543058e-09
3400 	 3485 	 3.6976974253e-06 	 2.3005475087e-09
3500 	 3586 	 3.6976974216e-06 	 1.2020729457e-09
3600 	 3688 	 3.6976974195e-06 	 2.3422093798e-09
3700 	 3788 	 3.6976974184e-06 	 6.2343329685e-10
3800 	 3889 	 3.6976974178e-06 	 6.3150477548e-10
3900 	 3992 	 3.6976974174e-06 	 3.3192737782e-10
4000 	 4095 	 3.6976974173e-06 	 3.2880092045e-10
4100 	 4198 	 3.6976974172e-06 	 1.6380374815e-10
4200 	 4299 	 3.6976974172e-06 	 1.6164903615e-10
4300 	 4402 	 3.6976974171e-06 	 1.3974625168e-10
4400 	 4508 	 3.6976974171e-06 	 1.8752715674e-10
4500 	 4618 	 3.6976974171e-06 	 6.4683638985e-11
4600 	 4724 	 3.6976974171e-06 	 5.4418337136e-11
4700 	 4842 	 3.6976974171e-06 	 8.0803528182e-11
# ---- 
 1 		 4788 	 4975 		 2.8438623497e-05 	 3.6976974171e-06 	 2.2886166787e-11
# ---- 
100 	 104 	 6.9799282646e-06 	 4.1686644808e-05
200 	 207 	 6.6213971543e-06 	 6.7558231149e-06
300 	 311 	 6.5245015345e-06 	 3.1533838049e-06
400 	 413 	 6.5010484503e-06 	 6.0129806119e-06
500 	 516 	 6.4888634763e-06 	 2.9591764568e-06
600 	 618 	 6.4837090294e-06 	 1.0327717877e-06
700 	 720 	 6.4816504097e-06 	 7.6110906731e-07
800 	 823 	 6.4799558602e-06 	 8.6766443860e-07
900 	 925 	 6.4781263542e-06 	 1.0168450492e-06
1000 	 1027 	 6.4765651320e-06 	 1.1442400241e-06
1100 	 1129 	 6.4756878852e-06 	 6.4640787345e-07
1200 	 1231 	 6.4752800115e-06 	 3.4521442325e-07
1300 	 1333 	 6.4750625914e-06 	 4.3768849445e-07
1400 	 1437 	 6.4749505688e-06 	 1.4500393892e-07
1500 	 1540 	 6.4748832466e-06 	 5.0171303131e-07
1600 	 1641 	 6.4748301395e-06 	 3.0502124608e-07
1700 	 1743 	 6.4747867091e-06 	 1.6351988136e-07
1800 	 1848 	 6.4747397408e-06 	 2.0586396235e-07
1900 	 1950 	 6.4746788379e-06 	 2.4902907611e-07
2000 	 2052 	 6.4746201833e-06 	 1.4502501026e-07
2100 	 2154 	 6.4745773023e-06 	 8.2023788835e-08
2200 	 2257 	 6.4745571438e-06 	 8.5754006440e-08
2300 	 2359 	 6.4745441046e-06 	 7.0579066983e-08
2400 	 2461 	 6.4745322745e-06 	 6.0416864000e-08
2500 	 2564 	 6.4745151165e-06 	 2.0855373242e-07
2600 	 2668 	 6.4744217303e-06 	 2.5185546098e-07
2700 	 2769 	 6.4743716032e-06 	 1.1259561412e-07
2800 	 2873 	 6.4743520309e-06 	 6.2031797889e-08
2900 	 2976 	 6.4743391501e-06 	 6.5457220246e-08
3000 	 3077 	 6.4743318288e-06 	 4.3525635422e-08
3100 	 3178 	 6.4743280381e-06 	 9.8409349669e-08
3200 	 3281 	 6.4743259310e-06 	 2.5078188341e-08
3300 	 3384 	 6.4743245150e-06 	 3.8660893731e-08
3400 	 3487 	 6.4743238791e-06 	 2.0008735238e-08
3500 	 3589 	 6.4743236123e-06 	 1.4077074127e-08
3600 	 3690 	 6.4743234656e-06 	 8.0720649624e-09
3700 	 3793 	 6.4743233436e-06 	 1.0574166748e-08
3800 	 3894 	 6.4743232491e-06 	 7.6544826880e-09
3900 	 3996 	 6.4743231923e-06 	 4.4386496264e-09
4000 	 4097 	 6.4743231661e-06 	 2.3106230274e-09
4100 	 4199 	 6.4743231528e-06 	 1.9919619088e-09
4200 	 4301 	 6.4743231442e-06 	 1.6326494161e-09
4300 	 4404 	 6.4743231391e-06 	 1.6558980483e-09
4400 	 4505 	 6.4743231356e-06 	 7.8562461460e-10
4500 	 4609 	 6.4743231330e-06 	 1.9170530945e-09
4600 	 4713 	 6.4743231314e-06 	 1.2111795220e-09
4700 	 4817 	 6.4743231305e-06 	 6.0942631792e-10
4800 	 4919 	 6.4743231301e-06 	 4.6060520696e-10
4900 	 5021 	 6.4743231296e-06 	 4.5661418890e-10
5000 	 5124 	 6.4743231292e-06 	 6.5120707189e-10
5100 	 5226 	 6.4743231290e-06 	 2.8450847266e-10
5200 	 5329 	 6.4743231289e-06 	 1.4654613502e-10
5300 	 5431 	 6.4743231288e-06 	 1.5651606182e-10
5400 	 5535 	 6.4743231288e-06 	 1.9208182891e-10
5500 	 5644 	 6.4743231287e-06 	 1.1391168613e-10
5600 	 5756 	 6.4743231287e-06 	 8.9960733012e-11
5700 	 5872 	 6.4743231287e-06 	 7.2234668875e-11
# ---- 
 1 		 5784 	 5987 		 3.1266788764e-05 	 6.4743231287e-06 	 6.4787684515e-11
# ---- 
100 	 105 	 1.0119969453e-05 	 2.4141336076e-05
200 	 206 	 9.8654795211e-06 	 8.5714997600e-06
300 	 308 	 9.7944015512e-06 	 5.3036688512e-06
400 	 408 	 9.7732217013e-06 	 2.3331972934e-06
500 	 510 	 9.7635830706e-06 	 1.1521782075e-06
600 	 612 	 9.7596559955e-06 	 1.1562684535e-06
700 	 715 	 9.7580688389e-06 	 8.0918864925e-07
800 	 818 	 9.7568880040e-06 	 7.5616440246e-07
900 	 919 	 9.7557227644e-06 	 7.3668340277e-07
1000 	 1019 	 9.7547857886e-06 	 5.8868701493e-07
1100 	 1120 	 9.7540899071e-06 	 4.1267388357e-07
1200 	 1223 	 9.7536916547e-06 	 3.2228157592e-07
1300 	 1325 	 9.7534776176e-06 	 2.7548015261e-07
1400 	 1427 	 9.7533552949e-06 	 2.3003530924e-07
1500 	 1529 	 9.7532803350e-06 	 2.5997065474e-07
1600 	 1632 	 9.7532325406e-06 	 2.6020703953e-07
1700 	 1735 	 9.7532065261e-06 	 1.5240670630e-07
1800 	 1836 	 9.7531884116e-06 	 8.1551020202e-08
1900 	 1938 	 9.7531757556e-06 	 5.7512798926e-08
2000 	 2040 	 9.7531665224e-06 	 8.7938979953e-08
2100 	 2145 	 9.7531605937e-06 	 4.7412790389e-08
2200 	 2247 	 9.7531574917e-06 	 3.1516766697e-08
2300 	 2349 	 9.7531558746e-06 	 2.0657686476e-08
2400 	 2451 	 9.7531549835e-06 	 1.1506995046e-08
2500 	 2551 	 9.7531543351e-06 	 1.4615648874e-08
2600 	 2652 	 9.7531538642e-06 	 1.2302961812e-08
2700 	 2755 	 9.7531534741e-06 	 3.0629256234e-08
2800 	 2857 	 9.7531531583e-06 	 8.4238965205e-09
2900 	 2958 	 9.7531529383e-06 	 1.5847602684e-08
3000 	 3060 	 9.7531527715e-06 	 7.1248005092e-09
3100 	 3162 	 9.7531526375e-06 	 9.5380267506e-09
3200 	 3264 	 9.7531524975e-06 	 7.6028949132e-09
3300 	 3366 	 9.7531523988e-06 	 5.8555669159e-09
3400 	 3469 	 9.7531523492e-06 	 2.9234683449e-09
3500 	 3570 	 9.7531523208e-06 	 4.2203188706e-09
3600 	 3672 	 9.7531523032e-06 	 2.6314124948e-09
3700 	 3774 	 9.7531522930e-06 	 2.6680257974e-09
3800 	 3876 	 9.7531522871e-06 	 1.5220838415e-09
3900 	 3979 	 9.7531522836e-06 	 1.0544801474e-09
4000 	 4082 	 9.7531522813e-06 	 1.4984833021e-09
4100 	 4184 	 9.7531522793e-06 	 8.4042604109e-10
4200 	 4289 	 9.7531522785e-06 	 6.7599953919e-10
4300 	 4393 	 9.7531522782e-06 	 3.6956469287e-10
4400 	 4495 	 9.7531522780e-06 	 6.0292649869e-10
4500 	 4597 	 9.7531522779e-06 	 2.3165545242e-10
4600 	 4702 	 9.7531522777e-06 	 3.3935550660e-10
4700 	 4805 	 9.7531522776e-06 	 4.3123269030e-10
4800 	 4908 	 9.7531522776e-06 	 1.4579952128e-10
4900 	 5017 	 9.7531522776e-06 	 1.1280106425e-10
5000 	 5129 	 9.7531522775e-06 	 6.8870406629e-11
5100 	 5239 	 9.7531522775e-06 	 5.7832007030e-11
# ---- 
 1 		 5178 	 5344 		 3.4577378675e-05 	 9.7531522775e-06 	 1.1793863861e-10
# ---- 
100 	 104 	 1.3795933597e-05 	 1.6254979860e-05
200 	 206 	 1.3598531266e-05 	 1.0621656903e-05
300 	 310 	 1.3544889358e-05 	 2.9983024154e-06
400 	 412 	 1.3526595278e-05 	 2.4986262352e-06
500 	 513 	 1.3518716405e-05 	 1.4851761504e-06
600 	 614 	 1.3515198926e-05 	 1.1143431258e-06
700 	 717 	 1.3513794570e-05 	 7.4215428865e-07
800 	 819 	 1.3512873721e-05 	 4.9163087403e-07
900 	 922 	 1.3512028396e-05 	 1.5209374622e-06
1000 	 1026 	 1.3511204502e-05 	 8.5756518094e-07
1100 	 1127 	 1.3510527122e-05 	 4.7760316280e-07
1200 	 1231 	 1.3510071900e-05 	 9.4864074548e-07
1300 	 1332 	 1.3509850125e-05 	 3.5845754642e-07
1400 	 1435 	 1.3509737271e-05 	 3.7854607613e-07
1500 	 1537 	 1.3509678935e-05 	 1.5354730679e-07
1600 	 1640 	 1.3509648851e-05 	 1.4788932862e-07
1700 	 1744 	 1.3509632888e-05 	 1.5807870595e-07
1800 	 1848 	 1.3509623400e-05 	 5.2914526959e-08
1900 	 1951 	 1.3509618010e-05 	 4.5862197763e-08
2000 	 2052 	 1.3509615144e-05 	 3.5153815418e-08
2100 	 2152 	 1.3509613742e-05 	 2.3658571235e-08
2200 	 2255 	 1.3509613033e-05 	 3.1388960223e-08
2300 	 2358 	 1.3509612611e-05 	 1.7568380834e-08
2400 	 2460 	 1.3509612293e-05 	 1.2130237796e-08
2500 	 2561 	 1.3509612036e-05 	 1.1344770072e-08
2600 	 2663 	 1.3509611857e-05 	 1.1625932213e-08
2700 	 2766 	 1.3509611732e-05 	 7.1828913457e-09
2800 	 2869 	 1.3509611662e-05 	 5.7752181371e-09
2900 	 2971 	 1.3509611631e-05 	 4.1586629705e-09
3000 	 3073 	 1.3509611618e-05 	 1.7508481615e-09
3100 	 3176 	 1.3509611610e-05 	 2.1672953514e-09
3200 	 3277 	 1.3509611605e-05 	 1.0709557087e-09
3300 	 3379 	 1.3509611601e-05 	 9.7409157091e-10
3400 	 3482 	 1.3509611598e-05 	 1.0239691773e-09
3500 	 3584 	 1.3509611597e-05 	 7.8163127831e-10
3600 	 3687 	 1.3509611596e-05 	 5.0547910631e-10
3700 	 3791 	 1.3509611596e-05 	 3.2525232260e-10
3800 	 3893 	 1.3509611596e-05 	 4.5915475342e-10
3900 	 3996 	 1.3509611595e-05 	 2.5679340894e-10
4000 	 4099 	 1.3509611595e-05 	 2.5139390130e-10
4100 	 4200 	 1.3509611595e-05 	 2.4419974926e-10
4200 	 4303 	 1.3509611595e-05 	 1.4820521866e-10
4300 	 4414 	 1.3509611595e-05 	 1.4067481752e-10
4400 	 4525 	 1.3509611595e-05 	 7.3685135486e-11
4500 	 4643 	 1.3509611595e-05 	 1.2494403804e-10
4600 	 4756 	 1.3509611595e-05 	 4.4648021126e-11
4700 	 4875 	 1.3509611595e-05 	 1.6393296991e-11
# ---- 
 1 		 4711 	 4906 		 3.8360351212e-05 	 1.3509611595e-05 	 2.3490159128e-11
# ---- 
100 	 104 	 1.7989646435e-05 	 1.8974992146e-05
200 	 207 	 1.7811629153e-05 	 1.3849872404e-05
300 	 309 	 1.7761455734e-05 	 4.0201480905e-06
400 	 410 	 1.7744276880e-05 	 5.6385472521e-06
500 	 513 	 1.7737044614e-05 	 3.1768194680e-06
600 	 617 	 1.7733974658e-05 	 1.7203290812e-06
700 	 719 	 1.7732667431e-05 	 1.3474511325e-06
800 	 822 	 1.7731777737e-05 	 7.7809387167e-07
900 	 923 	 1.7731077463e-05 	 1.0276875861e-06
1000 	 1026 	 1.7730447894e-05 	 6.6752336038e-07
1100 	 1127 	 1.7729892065e-05 	 1.1910653352e-06
1200 	 1230 	 1.7729437097e-05 	 4.1833885961e-07
1300 	 1332 	 1.7729178411e-05 	 3.8001719245e-07
1400 	 1433 	 1.7729036269e-05 	 1.9677474803e-07
1500 	 1535 	 1.7728965408e-05 	 3.9501854305e-07
1600 	 1636 	 1.7728922630e-05 	 9.7990342922e-08
1700 	 1739 	 1.7728902703e-05 	 7.4629790618e-08
1800 	 1840 	 1.7728892425e-05 	 3.9744463249e-08
1900 	 1941 	 1.7728887000e-05 	 5.5744014132e-08
2000 	 2043 	 1.7728883785e-05 	 2.7238424956e-08
2100 	 2146 	 1.7728881934e-05 	 2.0148780108e-08
2200 	 2248 	 1.7728880898e-05 	 1.6200157104e-08
2300 	 2350 	 1.7728880387e-05 	 2.5565210254e-08
2400 	 2453 	 1.7728880014e-05 	 1.1317713256e-08
2500 	 2556 	 1.7728879746e-05 	 1.0957837804e-08
2600 	 2658 	 1.7728879512e-05 	 1.2003891570e-08
2700 	 2760 	 1.7728879320e-05 	 1.4805280389e-08
2800 	 2864 	 1.7728879181e-05 	 1.0652883144e-08
2900 	 2965 	 1.7728879110e-05 	 5.1886754543e-09
3000 	 3068 	 1.7728879071e-05 	 4.1171982852e-09
3100 	 3171 	 1.7728879050e-05 	 2.8905463298e-09
3200 	 3273 	 1.7728879039e-05 	 1.7191818486e-09
3300 	 3376 	 1.7728879033e-05 	 1.5001115717e-09
3400 	 3476 	 1.7728879030e-05 	 1.0037862918e-09
3500 	 3578 	 1.7728879029e-05 	 8.7765392961e-10
3600 	 3680 	 1.7728879028e-05 	 1.0366047641e-09
3700 	 3781 	 1.7728879028e-05 	 4.9923036106e-10
3800 	 3882 	 1.7728879027e-05 	 3.2885354848e-10
3900 	 3983 	 1.7728879027e-05 	 1.9497525454e-10
4000 	 4087 	 1.7728879027e-05 	 3.6431042314e-10
4100 	 4194 	 1.7728879027e-05 	 1.7001146532e-10
4200 	 4302 	 1.7728879027e-05 	 1.6297352648e-10
4300 	 4412 	 1.7728879027e-05 	 9.6354401596e-11
4400 	 4521 	 1.7728879027e-05 	 7.5341247343e-11
4500 	 4638 	 1.7728879027e-05 	 1.0249348466e-10
# ---- 
 1 		 4524 	 4675 		 4.2599726917e-05 	 1.7728879027e-05 	 1.6734599300e-10
# ---- 
100 	 105 	 2.2636804047e-05 	 1.2565843837e-05
200 	 206 	 2.2475915495e-05 	 8.6019749826e-06
300 	 308 	 2.2432983220e-05 	 2.9191832755e-06
400 	 411 	 2.2417453514e-05 	 2.6728001980e-06
500 	 513 	 2.2410990065e-05 	 3.8816113647e-06
600 	 617 	 2.2408049576e-05 	 8.5588519225e-07
700 	 720 	 2.2406755625e-05 	 9.6194665460e-07
800 	 823 	 2.2406004483e-05 	 5.5345756907e-07
900 	 925 	 2.2405393597e-05 	 4.9099440548e-07
1000 	 1030 	 2.2404824062e-05 	 4.9551850863e-07
1100 	 1133 	 2.2404336198e-05 	 3.6534245698e-07
1200 	 1233 	 2.2403943301e-05 	 2.9180098106e-07
1300 	 1335 	 2.2403694894e-05 	 7.4491385693e-07
1400 	 1437 	 2.2403539768e-05 	 2.7717322373e-07
1500 	 1539 	 2.2403451398e-05 	 2.9809697225e-07
1600 	 1640 	 2.2403399992e-05 	 1.2422469026e-07
1700 	 1742 	 2.2403373739e-05 	 1.0723241523e-07
1800 	 1843 	 2.2403356899e-05 	 5.7214124108e-08
1900 	 1946 	 2.2403345490e-05 	 5.4421892795e-08
2000 	 2047 	 2.2403338546e-05 	 7.2470473429e-08
2100 	 2150 	 2.2403334948e-05 	 3.3417429190e-08
2200 	 2253 	 2.2403332911e-05 	 3.4522986835e-08
2300 	 2356 	 2.2403331699e-05 	 1.9327663379e-08
2400 	 2458 	 2.2403330790e-05 	 3.2924778432e-08
2500 	 2561 	 2.2403329997e-05 	 1.8015777739e-08
2600 	 2662 	 2.2403329428e-05 	 1.7680861288e-08
2700 	 2765 	 2.2403329089e-05 	 1.1522091783e-08
2800 	 2867 	 2.2403328890e-05 	 8.1609028415e-09
2900 	 2968 	 2.2403328790e-05 	 5.6774016594e-09
3000 	 3070 	 2.2403328730e-05 	 4.2212743835e-09
3100 	 3171 	 2.2403328694e-05 	 9.6726388913e-09
3200 	 3274 	 2.2403328668e-05 	 3.8434689481e-09
3300 	 3379 	 2.2403328650e-05 	 3.8821788841e-09
3400 	 3482 	 2.2403328637e-05 	 2.7031668997e-09
3500 	 3587 	 2.2403328629e-05 	 2.9232655915e-09
3600 	 3691 	 2.2403328625e-05 	 1.1953939340e-09
3700 	 3796 	 2.2403328621e-05 	 1.1144979771e-09
3800 	 3897 	 2.2403328618e-05 	 1.7228062933e-09
3900 	 4002 	 2.2403328616e-05 	 7.8964526597e-10
4000 	 4105 	 2.2403328615e-05 	 1.4014134799e-09
4100 	 4211 	 2.2403328615e-05 	 4.1624891839e-10
4200 	 4312 	 2.2403328615e-05 	 6.4319333158e-10
4300 	 4415 	 2.2403328614e-05 	 3.1711815943e-10
4400 	 4518 	 2.2403328614e-05 	 2.3929318701e-10
4500 	 4625 	 2.2403328614e-05 	 9.8986806063e-11
# ---- 
 1 		 4545 	 4697 		 4.7290908814e-05 	 2.2403328614e-05 	 1.8072284709e-10
# ---- 
100 	 104 	 2.7746266138e-05 	 1.0481288715e-05
200 	 207 	 2.7594061777e-05 	 5.9717477557e-06
300 	 311 	 2.7555510308e-05 	 2.1971399590e-06
400 	 416 	 2.7540874835e-05 	 3.2211286512e-06
500 	 519 	 2.7535272504e-05 	 2.0406246099e-06
600 	 621 	 2.7532397335e-05 	 1.8855678632e-06
700 	 725 	 2.7530963480e-05 	 7.0037900661e-07
800 	 829 	 2.7530017892e-05 	 5.6454430927e-07
900 	 930 	 2.7529412451e-05 	 4.1982536780e-07
1000 	 1034 	 2.7528912339e-05 	 4.2641401255e-07
1100 	 1137 	 2.7528497497e-05 	 4.7777395414e-07
1200 	 1240 	 2.7528140274e-05 	 3.8772797861e-07
1300 	 1342 	 2.7527893367e-05 	 3.7634747955e-07
1400 	 1445 	 2.7527734323e-05 	 1.7302669678e-07
1500 	 1548 	 2.7527636148e-05 	 1.8760630669e-07
1600 	 1649 	 2.7527582553e-05 	 2.2875991337e-07
1700 	 1751 	 2.7527547735e-05 	 1.1558284300e-07
1800 	 1855 	 2.7527523388e-05 	 2.3951017414e-07
1900 	 1957 	 2.7527510942e-05 	 6.1279021549e-08
2000 	 2062 	 2.7527501778e-05 	 1.1448740090e-07
2100 	 2164 	 2.7527493390e-05 	 1.5105155132e-07
2200 	 2265 	 2.7527487583e-05 	 4.8064614882e-08
2300 	 2368 	 2.7527484168e-05 	 3.0775070995e-08
2400 	 2471 	 2.7527481833e-05 	 2.9439136141e-08
2500 	 2573 	 2.7527479776e-05 	 3.5176489256e-08
2600 	 2675 	 2.7527478061e-05 	 2.8906780465e-08
2700 	 2778 	 2.7527476848e-05 	 3.2333877939e-08
2800 	 2880 	 2.7527476029e-05 	 1.5268625037e-08
2900 	 2982 	 2.7527475642e-05 	 1.2113309920e-08
3000 	 3083 	 2.7527475434e-05 	 1.0465905497e-08
3100 	 3188 	 2.7527475343e-05 	 7.7415958078e-09
3200 	 3290 	 2.7527475302e-05 	 3.7887011115e-09
3300 	 3391 	 2.7527475281e-05 	 6.3044084249e-09
3400 	 3495 	 2.7527475260e-05 	 3.6108544873e-09
3500 	 3597 	 2.7527475237e-05 	 4.3239567999e-09
3600 	 3698 	 2.7527475218e-05 	 2.6972997007e-09
3700 	 3803 	 2.7527475204e-05 	 1.7484630314e-09
3800 	 3903 	 2.7527475195e-05 	 2.2301079504e-09
3900 	 4004 	 2.7527475190e-05 	 1.3722448888e-09
4000 	 4107 	 2.7527475188e-05 	 7.2108815995e-10
4100 	 4208 	 2.7527475187e-05 	 6.2005214070e-10
4200 	 4309 	 2.7527475186e-05 	 4.6737093756e-10
4300 	 4414 	 2.7527475186e-05 	 5.8274384681e-10
4400 	 4516 	 2.7527475186e-05 	 1.5515574498e-10
4500 	 4620 	 2.7527475185e-05 	 6.4412730641e-10
4600 	 4722 	 2.7527475185e-05 	 2.2583739568e-10
4700 	 4828 	 2.7527475185e-05 	 2.3363817257e-10
4800 	 4931 	 2.7527475185e-05 	 1.9087797128e-10
4900 	 5035 	 2.7527475185e-05 	 1.6051292283e-10
# ---- 
 1 		 4913 	 5069 		 5.2430973884e-05 	 2.7527475185e-05 	 1.5672420110e-10
# ---- 
100 	 103 	 3.3305896161e-05 	 9.5814704861e-06
200 	 206 	 3.3162400367e-05 	 4.2208282483e-06
300 	 307 	 3.3124423945e-05 	 3.1351116840e-06
400 	 410 	 3.3109888772e-05 	 2.5419420448e-06
500 	 516 	 3.3103606332e-05 	 9.9791065033e-07
600 	 619 	 3.3100778949e-05 	 9.5115041464e-07
700 	 720 	 3.3099381383e-05 	 5.0387215027e-07
800 	 823 	 3.3098550572e-05 	 5.8538176797e-07
900 	 924 	 3.3098070445e-05 	 6.1045097388e-07
1000 	 1028 	 3.3097724107e-05 	 3.3748390487e-07
1100 	 1132 	 3.3097440927e-05 	 3.5628446849e-07
1200 	 1235 	 3.3097152868e-05 	 2.8207950393e-07
1300 	 1339 	 3.3096906967e-05 	 4.7070855850e-07
1400 	 1444 	 3.3096740388e-05 	 2.6360272890e-07
1500 	 1547 	 3.3096638295e-05 	 1.9330724084e-07
1600 	 1649 	 3.3096583818e-05 	 4.9785083462e-07
1700 	 1753 	 3.3096546951e-05 	 1.3405105375e-07
1800 	 1857 	 3.3096522770e-05 	 1.4977293166e-07
1900 	 1960 	 3.3096505331e-05 	 7.6503344210e-08
2000 	 2064 	 3.3096493281e-05 	 7.0008816496e-08
2100 	 2167 	 3.3096484577e-05 	 6.4104843673e-08
2200 	 2269 	 3.3096478074e-05 	 4.5859840462e-08
2300 	 2371 	 3.3096473611e-05 	 5.3633126155e-08
2400 	 2475 	 3.3096470575e-05 	 4.0040572567e-08
2500 	 2576 	 3.3096468416e-05 	 8.9092285005e-08
2600 	 2679 	 3.3096467046e-05 	 4.2904381007e-08
2700 	 2781 	 3.3096466188e-05 	 2.3639715002e-08
2800 	 2884 	 3.3096465710e-05 	 3.5384648584e-08
2900 	 2989 	 3.3096465326e-05 	 1.7581080977e-08
3000 	 3091 	 3.3096465001e-05 	 1.2535526134e-08
3100 	 3194 	 3.3096464764e-05 	 8.3921793553e-09
3200 	 3298 	 3.3096464601e-05 	 6.6507148401e-09
3300 	 3400 	 3.3096464499e-05 	 7.4686950805e-09
3400 	 3501 	 3.3096464430e-05 	 9.1912138074e-09
3500 	 3602 	 3.3096464385e-05 	 4.0798628063e-09
3600 	 3705 	 3.3096464351e-05 	 3.3092713982e-09
3700 	 3806 	 3.3096464328e-05 	 3.9745230448e-09
3800 	 3908 	 3.3096464313e-05 	 4.2597409959e-09
3900 	 4009 	 3.3096464305e-05 	 1.5785004823e-09
4000 	 4109 	 3.3096464301e-05 	 4.0176027444e-09
4100 	 4209 	 3.3096464298e-05 	 8.9272919055e-10
4200 	 4311 	 3.3096464297e-05 	 1.0042293570e-09
4300 	 4411 	 3.3096464297e-05 	 9.7808060748e-10
4400 	 4514 	 3.3096464296e-05 	 2.5740928709e-10
4500 	 4616 	 3.3096464296e-05 	 3.6322147644e-10
4600 	 4720 	 3.3096464296e-05 	 2.5580590944e-10
4700 	 4822 	 3.3096464296e-05 	 2.2020910725e-10
4800 	 4924 	 3.3096464296e-05 	 1.6889710023e-10
4900 	 5031 	 3.3096464296e-05 	 1.3848301720e-10
5000 	 5137 	 3.3096464296e-05 	 1.2238935732e-10
5100 	 5247 	 3.3096464296e-05 	 1.0229755594e-10
# ---- 
 1 		 5131 	 5291 		 5.8014798789e-05 	 3.3096464296e-05 	 1.2074557273e-10
# ---- 
100 	 104 	 3.9311831371e-05 	 2.2814491265e-05
200 	 207 	 3.9172261039e-05 	 1.1672132991e-05
300 	 309 	 3.9134497635e-05 	 4.7908698796e-06
400 	 412 	 3.9119800581e-05 	 3.2568444542e-06
500 	 515 	 3.9113504832e-05 	 1.1899334148e-06
600 	 615 	 3.9110643535e-05 	 7.5856863803e-07
700 	 717 	 3.9109294575e-05 	 1.9976963315e-06
800 	 821 	 3.9108497097e-05 	 7.0592627812e-07
900 	 923 	 3.9108027426e-05 	 6.5943421936e-07
1000 	 1026 	 3.9107660027e-05 	 4.1761869625e-07
1100 	 1129 	 3.9107327939e-05 	 3.4164891786e-07
1200 	 1232 	 3.9106997293e-05 	 3.3732680753e-07
1300 	 1333 	 3.9106782648e-05 	 3.8044595918e-07
1400 	 1435 	 3.9106647159e-05 	 2.2690133920e-07
1500 	 1536 	 3.9106568728e-05 	 1.7998509595e-07
1600 	 1639 	 3.9106511338e-05 	 1.5765506121e-07
1700 	 1743 	 3.9106470064e-05 	 1.6498829503e-07
1800 	 1844 	 3.9106433338e-05 	 1.2787123618e-07
1900 	 1947 	 3.9106409755e-05 	 2.0415918084e-07
2000 	 2050 	 3.9106394445e-05 	 7.7814039451e-08
2100 	 2155 	 3.9106384769e-05 	 1.0206425623e-07
2200 	 2258 	 3.9106377630e-05 	 5.6644470352e-08
2300 	 2361 	 3.9106372989e-05 	 5.5051740204e-08
2400 	 2464 	 3.9106369506e-05 	 5.2931435755e-08
2500 	 2566 	 3.9106366509e-05 	 3.4421770233e-08
2600 	 2667 	 3.9106364364e-05 	 2.5344094085e-08
2700 	 2771 	 3.9106362935e-05 	 2.4751838557e-08
2800 	 2875 	 3.9106361981e-05 	 2.3659437046e-08
2900 	 2978 	 3.9106361319e-05 	 2.3719797282e-08
3000 	 3082 	 3.9106360836e-05 	 1.4034818138e-08
3100 	 3184 	 3.9106360517e-05 	 2.1267537052e-08
3200 	 3288 	 3.9106360306e-05 	 1.3448265420e-08
3300 	 3390 	 3.9106360154e-05 	 1.3109690371e-08
3400 	 3493 	 3.9106360025e-05 	 8.3527147753e-09
3500 	 3595 	 3.9106359910e-05 	 7.7405427312e-09
3600 	 3700 	 3.9106359827e-05 	 5.9757640462e-09
3700 	 3803 	 3.9106359778e-05 	 7.9559558809e-09
3800 	 3905 	 3.9106359752e-05 	 2.7044178135e-09
3900 	 4008 	 3.9106359740e-05 	 3.1440862594e-09
4000 	 4111 	 3.9106359731e-05 	 2.3187728822e-09
4100 	 4213 	 3.9106359727e-05 	 1.7461476120e-09
4200 	 4317 	 3.9106359723e-05 	 3.3634490878e-09
4300 	 4419 	 3.9106359720e-05 	 1.0730070299e-09
4400 	 4524 	 3.9106359719e-05 	 9.7513987279e-10
4500 	 4624 	 3.9106359717e-05 	 8.2719130315e-10
4600 	 4724 	 3.9106359716e-05 	 1.1762723095e-09
4700 	 4825 	 3.9106359716e-05 	 5.8258260066e-10
4800 	 4927 	 3.9106359715e-05 	 5.1928469300e-10
4900 	 5028 	 3.9106359715e-05 	 4.7757278150e-10
5000 	 5132 	 3.9106359715e-05 	 3.4428436161e-10
5100 	 5237 	 3.9106359714e-05 	 2.9017782079e-10
5200 	 5337 	 3.9106359714e-05 	 5.6597495841e-10
5300 	 5445 	 3.9106359714e-05 	 2.1163219030e-10
5400 	 5558 	 3.9106359714e-05 	 1.0586521491e-10
5500 	 5670 	 3.9106359714e-05 	 5.4525882877e-11
# ---- 
 1 		 5541 	 5737 		 6.4039889326e-05 	 3.9106359714e-05 	 1.0204641318e-10
# ---- 
