100 	 106 	 5.5188899816e-06 	 2.0870728816e-05
200 	 207 	 4.5041506382e-06 	 2.1207047210e-05
300 	 310 	 3.9759530379e-06 	 1.4462002057e-05
400 	 412 	 3.5556189951e-06 	 1.1580300819e-05
500 	 513 	 3.1791693692e-06 	 1.4159196044e-05
600 	 615 	 2.9242438951e-06 	 6.9430377899e-06
700 	 716 	 2.8234587003e-06 	 7.8236899939e-06
800 	 817 	 2.7611357497e-06 	 5.8365484815e-06
900 	 919 	 2.6736288494e-06 	 6.2640423614e-06
1000 	 1023 	 2.5839320254e-06 	 8.2579252299e-06
1100 	 1124 	 2.3901533306e-06 	 9.0941783440e-06
1200 	 1225 	 2.2194520851e-06 	 7.5457527003e-06
1300 	 1326 	 2.1088101002e-06 	 8.0413090353e-06
1400 	 1429 	 1.9794754139e-06 	 8.1742051220e-06
1500 	 1531 	 1.8469465887e-06 	 7.7325221944e-06
1600 	 1634 	 1.7811696472e-06 	 4.8976600146e-06
1700 	 1734 	 1.7509990972e-06 	 2.7100640030e-06
1800 	 1836 	 1.7342240920e-06 	 2.6341782357e-06
1900 	 1937 	 1.7265375804e-06 	 2.3138355851e-06
2000 	 2039 	 1.7217530113e-06 	 1.1287680694e-06
2100 	 2141 	 1.7189164706e-06 	 8.4507725053e-07
2200 	 2245 	 1.7175060104e-06 	 5.9205296992e-07
2300 	 2348 	 1.7167074429e-06 	 4.2191459950e-07
2400 	 2451 	 1.7164472088e-06 	 7.5052362066e-07
2500 	 2553 	 1.7163410978e-06 	 3.2315109078e-07
2600 	 2655 	 1.7162440282e-06 	 2.8778654383e-07
2700 	 2757 	 1.7160790950e-06 	 2.8462352792e-07
2800 	 2860 	 1.7158863643e-06 	 7.4729905254e-07
2900 	 2962 	 1.7156444622e-06 	 2.6609443180e-07
3000 	 3064 	 1.7152588117e-06 	 4.2054958715e-07
3100 	 3167 	 1.7144627976e-06 	 6.9649657482e-07
3200 	 3270 	 1.7136301214e-06 	 4.8008837913e-07
3300 	 3373 	 1.7132343586e-06 	 2.4741693030e-07
3400 	 3475 	 1.7130443369e-06 	 3.8057942455e-07
3500 	 3577 	 1.7129007916e-06 	 1.7802954517e-07
3600 	 3679 	 1.7127955995e-06 	 3.4414077407e-07
3700 	 3781 	 1.7126826268e-06 	 2.2533066598e-07
3800 	 3885 	 1.7125026475e-06 	 2.6071136971e-07
3900 	 3985 	 1.7122321124e-06 	 6.3628195684e-07
4000 	 4087 	 1.7119379302e-06 	 4.8106496227e-07
4100 	 4187 	 1.7117658604e-06 	 2.4762631609e-07
4200 	 4289 	 1.7117067345e-06 	 1.9560720742e-07
4300 	 4391 	 1.7116726573e-06 	 1.4653450581e-07
4400 	 4495 	 1.7116475379e-06 	 1.0452575542e-07
4500 	 4598 	 1.7116293940e-06 	 1.3179727466e-07
4600 	 4698 	 1.7116039250e-06 	 1.7002319214e-07
4700 	 4800 	 1.7115366737e-06 	 2.5201719405e-07
4800 	 4904 	 1.7114275789e-06 	 2.4468772913e-07
4900 	 5007 	 1.7113117960e-06 	 2.1636845238e-07
5000 	 5109 	 1.7112080386e-06 	 2.8230752905e-07
5100 	 5211 	 1.7106899482e-06 	 1.1507375342e-06
5200 	 5314 	 1.6626373652e-06 	 2.1433962791e-05
5300 	 5417 	 1.5222353999e-06 	 4.3702807058e-06
5400 	 5519 	 1.5115006666e-06 	 1.4243344203e-06
5500 	 5621 	 1.5043318370e-06 	 4.7248920380e-06
5600 	 5723 	 1.4980892437e-06 	 1.5057055869e-06
5700 	 5825 	 1.4940597514e-06 	 1.4754228024e-06
5800 	 5927 	 1.4912009775e-06 	 1.0521653420e-06
5900 	 6028 	 1.4898762541e-06 	 5.3159543215e-07
6000 	 6131 	 1.4891884437e-06 	 8.0442155128e-07
6100 	 6231 	 1.4883022820e-06 	 9.0588909671e-07
6200 	 6334 	 1.4876761533e-06 	 7.0813099697e-07
6300 	 6435 	 1.4872707407e-06 	 3.9440890639e-07
6400 	 6535 	 1.4868384935e-06 	 4.7083664035e-07
6500 	 6638 	 1.4865193010e-06 	 3.9892390887e-07
6600 	 6741 	 1.4863243126e-06 	 3.0236667782e-07
6700 	 6843 	 1.4861500002e-06 	 3.1922440739e-07
6800 	 6947 	 1.4857197531e-06 	 6.2740413908e-07
6900 	 7048 	 1.4848047711e-06 	 6.5826349069e-07
7000 	 7151 	 1.4840357969e-06 	 5.8958369640e-07
7100 	 7253 	 1.4836098097e-06 	 4.2817256079e-07
7200 	 7357 	 1.4832951051e-06 	 4.0650167128e-07
7300 	 7458 	 1.4830684176e-06 	 5.8180403653e-07
7400 	 7562 	 1.4829399540e-06 	 2.2927483276e-07
7500 	 7664 	 1.4828585291e-06 	 1.9805119277e-07
7600 	 7765 	 1.4828068615e-06 	 2.8528039595e-07
7700 	 7867 	 1.4827700622e-06 	 1.1061828343e-07
7800 	 7968 	 1.4827520675e-06 	 7.9644825497e-08
7900 	 8070 	 1.4827414307e-06 	 7.7744514078e-08
8000 	 8172 	 1.4827351536e-06 	 5.8203592827e-08
8100 	 8273 	 1.4827321396e-06 	 4.7276549701e-08
8200 	 8375 	 1.4827301974e-06 	 3.0642533891e-08
8300 	 8477 	 1.4827284932e-06 	 2.6456553398e-08
8400 	 8579 	 1.4827276003e-06 	 3.8077605177e-08
8500 	 8682 	 1.4827270768e-06 	 4.5235184544e-08
8600 	 8788 	 1.4827266664e-06 	 1.2259741290e-08
8700 	 8890 	 1.4827264328e-06 	 9.8385449916e-09
8800 	 8993 	 1.4827262745e-06 	 7.7154283163e-09
8900 	 9096 	 1.4827261143e-06 	 1.2659961118e-08
9000 	 9199 	 1.4827260126e-06 	 6.4711048010e-09
9100 	 9303 	 1.4827259864e-06 	 2.4607734384e-09
9200 	 9405 	 1.4827259795e-06 	 1.6926286083e-09
9300 	 9508 	 1.4827259750e-06 	 2.0844330721e-09
9400 	 9610 	 1.4827259718e-06 	 1.0951278294e-09
9500 	 9715 	 1.4827259707e-06 	 5.0186629037e-10
9600 	 9817 	 1.4827259697e-06 	 1.2145448435e-09
9700 	 9920 	 1.4827259685e-06 	 5.9529009268e-10
9800 	 10021 	 1.4827259680e-06 	 4.3943950843e-10
9900 	 10124 	 1.4827259677e-06 	 2.9852615258e-10
10000 	 10225 	 1.4827259675e-06 	 2.7310831265e-10
10100 	 10327 	 1.4827259674e-06 	 3.4196013748e-10
10200 	 10431 	 1.4827259673e-06 	 1.6409911579e-10
10300 	 10533 	 1.4827259673e-06 	 1.6279726193e-10
10400 	 10638 	 1.4827259672e-06 	 2.2500769013e-10
10500 	 10742 	 1.4827259672e-06 	 7.7917065258e-11
10600 	 10859 	 1.4827259672e-06 	 2.7979214362e-11
# ---- 
 1 		 10603 	 10875 		 8.3435333665e-06 	 1.4827259672e-06 	 2.7982027524e-11
# ---- 
100 	 102 	 4.4010822337e-06 	 4.9833100333e-05
200 	 206 	 3.9383131337e-06 	 8.3720674175e-06
300 	 308 	 3.8016038923e-06 	 1.6831894533e-05
400 	 410 	 3.7381567036e-06 	 6.5732035195e-06
500 	 514 	 3.7168902662e-06 	 3.9178473085e-06
600 	 616 	 3.7030382737e-06 	 3.2800651808e-06
700 	 717 	 3.6907807523e-06 	 1.6588342441e-06
800 	 818 	 3.6794528287e-06 	 1.5394927327e-06
900 	 922 	 3.6723247126e-06 	 1.6521586787e-06
1000 	 1025 	 3.6693357596e-06 	 7.7444800187e-07
1100 	 1127 	 3.6681893256e-06 	 5.4705932513e-07
1200 	 1229 	 3.6676974078e-06 	 4.3774536131e-07
1300 	 1333 	 3.6675062147e-06 	 2.1183367351e-07
1400 	 1435 	 3.6674216440e-06 	 4.3448823968e-07
1500 	 1538 	 3.6673724072e-06 	 9.9607590384e-08
1600 	 1641 	 3.6673390211e-06 	 1.2628461104e-07
1700 	 1744 	 3.6672902943e-06 	 1.6258694811e-07
1800 	 1847 	 3.6672249026e-06 	 4.7480147619e-07
1900 	 1950 	 3.6671642615e-06 	 1.9628202391e-07
2000 	 2052 	 3.6671277947e-06 	 1.1685180941e-07
2100 	 2154 	 3.6671110635e-06 	 6.4171939899e-08
2200 	 2258 	 3.6670984651e-06 	 1.1278982366e-07
2300 	 2360 	 3.6670889329e-06 	 7.0813478651e-08
2400 	 2462 	 3.6670825274e-06 	 4.6610647026e-08
2500 	 2564 	 3.6670788089e-06 	 3.2408838951e-08
2600 	 2665 	 3.6670768744e-06 	 3.2410049591e-08
2700 	 2769 	 3.6670757024e-06 	 2.0985322068e-08
2800 	 2873 	 3.6670749251e-06 	 1.7753830258e-08
2900 	 2975 	 3.6670743791e-06 	 1.0201847102e-08
3000 	 3078 	 3.6670741130e-06 	 1.1001441838e-08
3100 	 3178 	 3.6670740073e-06 	 4.8719735085e-09
3200 	 3282 	 3.6670739577e-06 	 4.5285688375e-09
3300 	 3384 	 3.6670739165e-06 	 5.0135720687e-09
3400 	 3487 	 3.6670738706e-06 	 1.2159080839e-08
3500 	 3589 	 3.6670738358e-06 	 3.7772184245e-09
3600 	 3691 	 3.6670738226e-06 	 1.8056414262e-09
3700 	 3795 	 3.6670738183e-06 	 2.3375085906e-09
3800 	 3899 	 3.6670738169e-06 	 8.4160013416e-10
3900 	 4002 	 3.6670738160e-06 	 1.3432743514e-09
4000 	 4103 	 3.6670738154e-06 	 7.9176201084e-10
4100 	 4204 	 3.6670738149e-06 	 4.2868676656e-10
4200 	 4305 	 3.6670738145e-06 	 3.5097371298e-10
4300 	 4408 	 3.6670738143e-06 	 3.0962121739e-10
4400 	 4508 	 3.6670738143e-06 	 3.1011734850e-10
4500 	 4609 	 3.6670738142e-06 	 1.5193393294e-10
4600 	 4712 	 3.6670738142e-06 	 9.9325236192e-11
4700 	 4817 	 3.6670738142e-06 	 1.5093154175e-10
4800 	 4926 	 3.6670738141e-06 	 1.2289968947e-10
4900 	 5041 	 3.6670738141e-06 	 9.4538000147e-11
5000 	 5161 	 3.6670738141e-06 	 5.2978343626e-11
# ---- 
 1 		 5037 	 5219 		 1.1773734818e-05 	 3.6670738141e-06 	 5.0103252946e-11
# ---- 
100 	 102 	 6.7577965076e-06 	 4.6742481548e-05
200 	 204 	 6.4912580351e-06 	 8.6920187063e-06
300 	 307 	 6.4008535459e-06 	 4.7818393917e-06
400 	 408 	 6.3675324446e-06 	 3.6429805132e-06
500 	 511 	 6.3516634239e-06 	 2.1455884613e-06
600 	 615 	 6.3441363696e-06 	 1.8270816451e-06
700 	 717 	 6.3381611213e-06 	 1.3998528601e-06
800 	 818 	 6.3318412800e-06 	 2.0305011882e-06
900 	 923 	 6.3263642408e-06 	 1.1707066518e-06
1000 	 1027 	 6.3232099421e-06 	 1.0053573255e-06
1100 	 1129 	 6.3220112997e-06 	 4.4427430508e-07
1200 	 1230 	 6.3215743738e-06 	 2.9867488726e-07
1300 	 1331 	 6.3213745487e-06 	 2.0578311035e-07
1400 	 1435 	 6.3212834413e-06 	 1.6961138875e-07
1500 	 1537 	 6.3212361188e-06 	 2.5763498806e-07
1600 	 1638 	 6.3212075347e-06 	 3.2238672752e-07
1700 	 1739 	 6.3211881228e-06 	 1.0495892027e-07
1800 	 1842 	 6.3211757970e-06 	 6.9001840227e-08
1900 	 1945 	 6.3211680830e-06 	 8.1069472802e-08
2000 	 2047 	 6.3211622706e-06 	 5.3197597883e-08
2100 	 2149 	 6.3211580060e-06 	 3.3771995189e-08
2200 	 2251 	 6.3211558752e-06 	 2.4652144349e-08
2300 	 2353 	 6.3211547964e-06 	 1.6467871589e-08
2400 	 2454 	 6.3211543216e-06 	 1.0883353623e-08
2500 	 2556 	 6.3211539532e-06 	 1.3839159158e-08
2600 	 2656 	 6.3211537182e-06 	 9.8118358621e-09
2700 	 2761 	 6.3211535373e-06 	 1.6355433930e-08
2800 	 2863 	 6.3211533759e-06 	 8.9816120204e-09
2900 	 2966 	 6.3211532849e-06 	 4.5924725227e-09
3000 	 3071 	 6.3211532463e-06 	 4.2540454214e-09
3100 	 3173 	 6.3211532241e-06 	 3.5801818149e-09
3200 	 3277 	 6.3211532032e-06 	 3.2887791618e-09
3300 	 3380 	 6.3211531784e-06 	 3.0464190176e-09
3400 	 3483 	 6.3211531556e-06 	 2.5932532343e-09
3500 	 3587 	 6.3211531444e-06 	 1.8483246652e-09
3600 	 3689 	 6.3211531398e-06 	 1.7346116163e-09
3700 	 3790 	 6.3211531374e-06 	 8.2686682658e-10
3800 	 3893 	 6.3211531360e-06 	 9.0191610569e-10
3900 	 3998 	 6.3211531349e-06 	 6.6583312935e-10
4000 	 4098 	 6.3211531343e-06 	 7.6334852097e-10
4100 	 4200 	 6.3211531339e-06 	 3.5996404024e-10
4200 	 4304 	 6.3211531338e-06 	 1.8118034643e-10
4300 	 4406 	 6.3211531337e-06 	 2.4333243012e-10
4400 	 4508 	 6.3211531336e-06 	 1.3231692999e-10
4500 	 4609 	 6.3211531336e-06 	 1.3521852410e-10
4600 	 4714 	 6.3211531336e-06 	 7.1540615292e-11
# ---- 
 1 		 4681 	 4820 		 1.4488636106e-05 	 6.3211531336e-06 	 3.6324217242e-11
# ---- 
100 	 102 	 9.7222457321e-06 	 2.4048935863e-05
200 	 205 	 9.5299385793e-06 	 7.6701528306e-06
300 	 307 	 9.4604333379e-06 	 3.5902675367e-06
400 	 409 	 9.4349923521e-06 	 4.3163764764e-06
500 	 511 	 9.4230130130e-06 	 1.7378991130e-06
600 	 614 	 9.4167203399e-06 	 1.4217163576e-06
700 	 716 	 9.4123586200e-06 	 1.4952459531e-06
800 	 819 	 9.4081549217e-06 	 2.5763678314e-06
900 	 919 	 9.4036777156e-06 	 1.3149163359e-06
1000 	 1022 	 9.4002503078e-06 	 1.0190911652e-06
1100 	 1125 	 9.3987487314e-06 	 8.6377778027e-07
1200 	 1227 	 9.3981128503e-06 	 4.7390875605e-07
1300 	 1332 	 9.3978279806e-06 	 5.9066940031e-07
1400 	 1435 	 9.3976933278e-06 	 2.4385686377e-07
1500 	 1537 	 9.3976318837e-06 	 1.6187725155e-07
1600 	 1641 	 9.3976002357e-06 	 1.7369957696e-07
1700 	 1745 	 9.3975797363e-06 	 8.1530437497e-08
1800 	 1846 	 9.3975620828e-06 	 8.5483676564e-08
1900 	 1948 	 9.3975416396e-06 	 1.4143943455e-07
2000 	 2049 	 9.3975249929e-06 	 1.3357996393e-07
2100 	 2151 	 9.3975120960e-06 	 4.7723408322e-08
2200 	 2254 	 9.3975041866e-06 	 1.0110745443e-07
2300 	 2356 	 9.3974989316e-06 	 5.7026610929e-08
2400 	 2458 	 9.3974950513e-06 	 4.6757614083e-08
2500 	 2560 	 9.3974924333e-06 	 6.8394588330e-08
2600 	 2664 	 9.3974907907e-06 	 3.3597177412e-08
2700 	 2767 	 9.3974898685e-06 	 2.0359172087e-08
2800 	 2869 	 9.3974893201e-06 	 1.2645372968e-08
2900 	 2969 	 9.3974890259e-06 	 8.2885562582e-09
3000 	 3072 	 9.3974888805e-06 	 1.3506796257e-08
3100 	 3174 	 9.3974887361e-06 	 8.5570522338e-09
3200 	 3277 	 9.3974886216e-06 	 5.4975474808e-09
3300 	 3381 	 9.3974885457e-06 	 5.7165541286e-09
3400 	 3481 	 9.3974884997e-06 	 3.4436908095e-09
3500 	 3583 	 9.3974884788e-06 	 4.9938722618e-09
3600 	 3685 	 9.3974884694e-06 	 2.1495409281e-09
3700 	 3787 	 9.3974884638e-06 	 3.0939355028e-09
3800 	 3890 	 9.3974884595e-06 	 1.5365244084e-09
3900 	 3993 	 9.3974884559e-06 	 2.2571231533e-09
4000 	 4094 	 9.3974884535e-06 	 9.9352897523e-10
4100 	 4195 	 9.3974884519e-06 	 7.7792638240e-10
4200 	 4297 	 9.3974884512e-06 	 9.4280366116e-10
4300 	 4400 	 9.3974884508e-06 	 2.7736298462e-10
4400 	 4502 	 9.3974884506e-06 	 3.6293022835e-10
4500 	 4606 	 9.3974884504e-06 	 2.7050855306e-10
4600 	 4708 	 9.3974884502e-06 	 2.0751940175e-10
4700 	 4814 	 9.3974884502e-06 	 1.1471151616e-10
4800 	 4924 	 9.3974884502e-06 	 6.5461723035e-11
4900 	 5038 	 9.3974884502e-06 	 8.0586593283e-11
# ---- 
 1 		 4962 	 5127 		 1.7601599824e-05 	 9.3974884502e-06 	 3.4254116224e-11
# ---- 
100 	 104 	 1.3140437848e-05 	 1.4796937083e-05
200 	 205 	 1.2982400242e-05 	 2.2767930577e-05
300 	 308 	 1.2924528375e-05 	 3.5150414246e-06
400 	 411 	 1.2902107688e-05 	 3.0246387377e-06
500 	 513 	 1.2891612681e-05 	 1.9093631699e-06
600 	 617 	 1.2886515278e-05 	 1.2549992898e-06
700 	 720 	 1.2882431557e-05 	 1.5029001744e-06
800 	 821 	 1.2876273144e-05 	 3.7272254679e-06
900 	 924 	 1.2871770990e-05 	 1.3437432684e-06
1000 	 1026 	 1.2869259855e-05 	 1.0762907677e-06
1100 	 1128 	 1.2867945258e-05 	 4.7473884050e-07
1200 	 1230 	 1.2867192025e-05 	 6.7037185547e-07
1300 	 1332 	 1.2866652448e-05 	 4.2332039887e-07
1400 	 1436 	 1.2866298046e-05 	 4.5541160850e-07
1500 	 1538 	 1.2866040870e-05 	 2.4522697622e-07
1600 	 1639 	 1.2865846598e-05 	 2.8370383069e-07
1700 	 1742 	 1.2865697697e-05 	 2.3248505131e-07
1800 	 1843 	 1.2865589924e-05 	 1.6878453425e-07
1900 	 1945 	 1.2865528210e-05 	 1.3394923851e-07
2000 	 2048 	 1.2865499521e-05 	 8.0443829216e-08
2100 	 2151 	 1.2865487467e-05 	 7.1792173857e-08
2200 	 2253 	 1.2865480947e-05 	 5.9641988716e-08
2300 	 2356 	 1.2865476162e-05 	 4.0650099539e-08
2400 	 2458 	 1.2865472056e-05 	 3.7913139828e-08
2500 	 2560 	 1.2865469256e-05 	 3.3656511453e-08
2600 	 2662 	 1.2865467066e-05 	 2.9122738533e-08
2700 	 2763 	 1.2865465246e-05 	 2.3964638925e-08
2800 	 2864 	 1.2865463859e-05 	 2.8624735468e-08
2900 	 2966 	 1.2865462945e-05 	 2.4009847194e-08
3000 	 3070 	 1.2865462449e-05 	 1.2766362750e-08
3100 	 3172 	 1.2865462158e-05 	 1.3372992019e-08
3200 	 3272 	 1.2865461980e-05 	 9.4948783665e-09
3300 	 3376 	 1.2865461848e-05 	 1.4180922141e-08
3400 	 3480 	 1.2865461756e-05 	 8.6302728171e-09
3500 	 3580 	 1.2865461710e-05 	 5.0045671427e-09
3600 	 3683 	 1.2865461690e-05 	 2.5787189099e-09
3700 	 3786 	 1.2865461683e-05 	 1.4105173045e-09
3800 	 3888 	 1.2865461680e-05 	 1.8848753680e-09
3900 	 3989 	 1.2865461677e-05 	 1.2356221812e-09
4000 	 4092 	 1.2865461675e-05 	 1.2239394115e-09
4100 	 4194 	 1.2865461672e-05 	 9.0889446590e-10
4200 	 4298 	 1.2865461671e-05 	 6.3355777522e-10
4300 	 4400 	 1.2865461670e-05 	 8.1362266339e-10
4400 	 4504 	 1.2865461670e-05 	 3.2681701755e-10
4500 	 4606 	 1.2865461669e-05 	 4.6272735979e-10
4600 	 4709 	 1.2865461669e-05 	 2.9996670046e-10
4700 	 4810 	 1.2865461669e-05 	 1.8488248315e-10
4800 	 4913 	 1.2865461669e-05 	 2.9479354136e-10
4900 	 5022 	 1.2865461669e-05 	 1.4617635696e-10
5000 	 5131 	 1.2865461669e-05 	 7.9679128455e-11
5100 	 5240 	 1.2865461669e-05 	 1.0954807701e-10
5200 	 5355 	 1.2865461669e-05 	 1.3770607370e-10
5300 	 5467 	 1.2865461669e-05 	 4.5972738462e-11
# ---- 
 1 		 5316 	 5505 		 2.1103372568e-05 	 1.2865461669e-05 	 4.3588992498e-11
# ---- 
100 	 104 	 1.6953040418e-05 	 1.0562773453e-05
200 	 206 	 1.6812086073e-05 	 5.0830470768e-06
300 	 308 	 1.6761454059e-05 	 3.6989310304e-06
400 	 410 	 1.6740989544e-05 	 2.1648572145e-06
500 	 511 	 1.6732005332e-05 	 1.9010192954e-06
600 	 613 	 1.6727258301e-05 	 9.0797892301e-07
700 	 715 	 1.6724011162e-05 	 1.1528096237e-06
800 	 817 	 1.6720315030e-05 	 2.7805210600e-06
900 	 919 	 1.6716701727e-05 	 3.7379598455e-06
1000 	 1022 	 1.6714066334e-05 	 1.1976974148e-06
1100 	 1124 	 1.6712427320e-05 	 4.7603082356e-07
1200 	 1227 	 1.6711664469e-05 	 4.3777238942e-07
1300 	 1329 	 1.6711278112e-05 	 3.1819512672e-07
1400 	 1434 	 1.6711035501e-05 	 2.8924451909e-07
1500 	 1535 	 1.6710894054e-05 	 2.6972449230e-07
1600 	 1636 	 1.6710809206e-05 	 1.2927627122e-07
1700 	 1741 	 1.6710751071e-05 	 2.9533943567e-07
1800 	 1841 	 1.6710701493e-05 	 1.3391913181e-07
1900 	 1943 	 1.6710664472e-05 	 1.1102120161e-07
2000 	 2045 	 1.6710636904e-05 	 1.7230099758e-07
2100 	 2145 	 1.6710620889e-05 	 8.0333305541e-08
2200 	 2247 	 1.6710613368e-05 	 1.0038239550e-07
2300 	 2348 	 1.6710609551e-05 	 3.7784006499e-08
2400 	 2453 	 1.6710607465e-05 	 3.4952333754e-08
2500 	 2556 	 1.6710605801e-05 	 3.0665751700e-08
2600 	 2659 	 1.6710604167e-05 	 2.2846536916e-08
2700 	 2765 	 1.6710602862e-05 	 4.0354755146e-08
2800 	 2868 	 1.6710602115e-05 	 1.2163925328e-08
2900 	 2971 	 1.6710601806e-05 	 1.2741117281e-08
3000 	 3073 	 1.6710601644e-05 	 5.2369682420e-09
3100 	 3178 	 1.6710601569e-05 	 4.8831450903e-09
3200 	 3282 	 1.6710601530e-05 	 3.6900493254e-09
3300 	 3389 	 1.6710601502e-05 	 3.1622439610e-09
3400 	 3491 	 1.6710601472e-05 	 6.8301473416e-09
3500 	 3595 	 1.6710601443e-05 	 3.2679927348e-09
3600 	 3697 	 1.6710601420e-05 	 2.2904116544e-09
3700 	 3798 	 1.6710601408e-05 	 1.9721254889e-09
3800 	 3901 	 1.6710601403e-05 	 2.1051128489e-09
3900 	 4002 	 1.6710601400e-05 	 7.9678202285e-10
4000 	 4106 	 1.6710601399e-05 	 9.6647960023e-10
4100 	 4209 	 1.6710601398e-05 	 7.5192802961e-10
4200 	 4312 	 1.6710601397e-05 	 9.3625447845e-10
4300 	 4414 	 1.6710601396e-05 	 5.5161892775e-10
4400 	 4517 	 1.6710601396e-05 	 9.0303885385e-10
4500 	 4619 	 1.6710601396e-05 	 3.4853372663e-10
4600 	 4722 	 1.6710601395e-05 	 2.8315014678e-10
4700 	 4827 	 1.6710601395e-05 	 1.6746211658e-10
4800 	 4937 	 1.6710601395e-05 	 2.7299654268e-10
4900 	 5045 	 1.6710601395e-05 	 1.3194453656e-10
5000 	 5162 	 1.6710601395e-05 	 9.2093070501e-11
5100 	 5280 	 1.6710601395e-05 	 4.0857084345e-11
# ---- 
 1 		 5168 	 5378 		 2.4973323038e-05 	 1.6710601395e-05 	 7.9069440708e-11
# ---- 
100 	 103 	 2.1145521576e-05 	 1.1147647338e-05
200 	 206 	 2.1015712518e-05 	 4.5222403298e-06
300 	 308 	 2.0968639885e-05 	 5.5413430895e-06
400 	 409 	 2.0947755501e-05 	 7.2852008977e-06
500 	 509 	 2.0940003743e-05 	 1.7659866062e-06
600 	 613 	 2.0935782241e-05 	 1.1053120355e-06
700 	 717 	 2.0932848170e-05 	 1.3124560983e-06
800 	 819 	 2.0929588204e-05 	 1.2767885375e-06
900 	 920 	 2.0926266127e-05 	 1.3345616798e-06
1000 	 1021 	 2.0923877119e-05 	 8.2632302776e-07
1100 	 1124 	 2.0922473287e-05 	 6.6141999844e-07
1200 	 1227 	 2.0921432065e-05 	 6.9171426697e-07
1300 	 1329 	 2.0920789159e-05 	 4.6742017726e-07
1400 	 1430 	 2.0920403489e-05 	 5.1220951334e-07
1500 	 1534 	 2.0920140532e-05 	 3.9686846078e-07
1600 	 1638 	 2.0919983143e-05 	 2.2438360685e-07
1700 	 1739 	 2.0919877886e-05 	 6.8043511548e-07
1800 	 1841 	 2.0919525628e-05 	 3.5268809173e-07
1900 	 1946 	 2.0919235244e-05 	 3.7984904314e-07
2000 	 2047 	 2.0919123938e-05 	 1.3018817236e-07
2100 	 2150 	 2.0919088676e-05 	 1.3518936144e-07
2200 	 2250 	 2.0919073709e-05 	 8.4956844724e-08
2300 	 2353 	 2.0919066032e-05 	 4.2480252574e-08
2400 	 2455 	 2.0919060731e-05 	 4.0794748803e-08
2500 	 2557 	 2.0919056870e-05 	 2.6218942181e-08
2600 	 2657 	 2.0919054991e-05 	 2.1822411843e-08
2700 	 2760 	 2.0919054149e-05 	 1.4216563139e-08
2800 	 2860 	 2.0919053754e-05 	 1.1658203024e-08
2900 	 2964 	 2.0919053552e-05 	 9.6080821891e-09
3000 	 3066 	 2.0919053429e-05 	 4.5825051446e-09
3100 	 3170 	 2.0919053366e-05 	 5.6081753908e-09
3200 	 3271 	 2.0919053308e-05 	 4.3336767224e-09
3300 	 3373 	 2.0919053264e-05 	 4.0141593763e-09
3400 	 3474 	 2.0919053240e-05 	 3.2971363103e-09
3500 	 3576 	 2.0919053214e-05 	 3.7977870464e-09
3600 	 3677 	 2.0919053189e-05 	 3.1361442211e-09
3700 	 3780 	 2.0919053173e-05 	 2.2070506432e-09
3800 	 3881 	 2.0919053163e-05 	 2.1976603363e-09
3900 	 3983 	 2.0919053158e-05 	 1.2237894334e-09
4000 	 4088 	 2.0919053156e-05 	 8.5482092021e-10
4100 	 4190 	 2.0919053154e-05 	 7.2584987003e-10
4200 	 4292 	 2.0919053154e-05 	 1.7466426631e-09
4300 	 4394 	 2.0919053153e-05 	 3.8998351060e-10
4400 	 4497 	 2.0919053153e-05 	 3.4643434255e-10
4500 	 4602 	 2.0919053153e-05 	 2.3132829022e-10
4600 	 4704 	 2.0919053152e-05 	 1.9896738696e-10
4700 	 4808 	 2.0919053152e-05 	 1.7138080476e-10
4800 	 4915 	 2.0919053152e-05 	 2.9509678392e-10
4900 	 5023 	 2.0919053152e-05 	 1.1354048007e-10
5000 	 5145 	 2.0919053152e-05 	 7.8183716055e-11
5100 	 5261 	 2.0919053152e-05 	 5.6368191566e-11
# ---- 
 1 		 5143 	 5329 		 2.9208976457e-05 	 2.0919053152e-05 	 7.5197177511e-11
# ---- 
100 	 104 	 2.5695243351e-05 	 1.0503304842e-05
200 	 205 	 2.5575273791e-05 	 5.9689673963e-06
300 	 307 	 2.5528480200e-05 	 3.8815635390e-06
400 	 410 	 2.5508177132e-05 	 2.8684461176e-06
500 	 511 	 2.5500527615e-05 	 4.5026471728e-06
600 	 614 	 2.5497128509e-05 	 1.4319442109e-06
700 	 717 	 2.5494314933e-05 	 1.1528262901e-06
800 	 818 	 2.5491026711e-05 	 1.6482601416e-06
900 	 921 	 2.5487126158e-05 	 1.0359298499e-06
1000 	 1025 	 2.5484388655e-05 	 8.2494123727e-07
1100 	 1128 	 2.5482886645e-05 	 9.0294863903e-07
1200 	 1231 	 2.5481926818e-05 	 7.1597376964e-07
1300 	 1335 	 2.5481505568e-05 	 6.4333077721e-07
1400 	 1439 	 2.5481323244e-05 	 2.6098556629e-07
1500 	 1541 	 2.5481235138e-05 	 1.8546483885e-07
1600 	 1644 	 2.5481189570e-05 	 2.9980889205e-07
1700 	 1747 	 2.5481164262e-05 	 2.1688614209e-07
1800 	 1849 	 2.5481145577e-05 	 6.7844514857e-08
1900 	 1952 	 2.5481133883e-05 	 6.2419207389e-08
2000 	 2054 	 2.5481127558e-05 	 5.4964078046e-08
2100 	 2159 	 2.5481123165e-05 	 5.7525397653e-08
2200 	 2260 	 2.5481120686e-05 	 3.1900007730e-08
2300 	 2362 	 2.5481118819e-05 	 2.5648487715e-08
2400 	 2464 	 2.5481117129e-05 	 2.9406772701e-08
2500 	 2568 	 2.5481115627e-05 	 2.9681458823e-08
2600 	 2670 	 2.5481114587e-05 	 2.5488536611e-08
2700 	 2775 	 2.5481113930e-05 	 1.9671895256e-08
2800 	 2877 	 2.5481113524e-05 	 1.2172288302e-08
2900 	 2981 	 2.5481113247e-05 	 1.0742384141e-08
3000 	 3083 	 2.5481113068e-05 	 8.7235489753e-09
3100 	 3185 	 2.5481112972e-05 	 6.8673659053e-09
3200 	 3286 	 2.5481112928e-05 	 3.8779208844e-09
3300 	 3388 	 2.5481112904e-05 	 2.9034588882e-09
3400 	 3490 	 2.5481112892e-05 	 1.8522735092e-09
3500 	 3591 	 2.5481112885e-05 	 1.8442499407e-09
3600 	 3694 	 2.5481112880e-05 	 1.4239574075e-09
3700 	 3795 	 2.5481112877e-05 	 1.0809204105e-09
3800 	 3898 	 2.5481112875e-05 	 9.4280602705e-10
3900 	 4002 	 2.5481112873e-05 	 1.1503388764e-09
4000 	 4103 	 2.5481112872e-05 	 7.7672850755e-10
4100 	 4205 	 2.5481112871e-05 	 1.6576450996e-09
4200 	 4309 	 2.5481112871e-05 	 4.5723641428e-10
4300 	 4413 	 2.5481112870e-05 	 1.2005627556e-09
4400 	 4516 	 2.5481112870e-05 	 2.4904951350e-10
4500 	 4620 	 2.5481112870e-05 	 2.8940029495e-10
4600 	 4726 	 2.5481112870e-05 	 4.0866789768e-10
4700 	 4840 	 2.5481112870e-05 	 3.2565531254e-10
4800 	 4943 	 2.5481112870e-05 	 2.0295924669e-10
4900 	 5055 	 2.5481112870e-05 	 1.1179561924e-10
5000 	 5167 	 2.5481112870e-05 	 9.6723750325e-11
# ---- 
 1 		 5004 	 5180 		 3.3797784312e-05 	 2.5481112870e-05 	 5.9630804714e-11
# ---- 
100 	 106 	 3.0591855746e-05 	 1.5556864500e-05
200 	 210 	 3.0478071709e-05 	 5.0497354190e-06
300 	 312 	 3.0434470782e-05 	 2.7390557619e-06
400 	 416 	 3.0413452077e-05 	 2.5800100438e-06
500 	 519 	 3.0407098976e-05 	 1.6348992062e-06
600 	 621 	 3.0403931406e-05 	 1.0709627868e-06
700 	 723 	 3.0401328705e-05 	 9.8599979814e-07
800 	 826 	 3.0398645096e-05 	 1.1282380805e-06
900 	 929 	 3.0395611143e-05 	 1.5432207723e-06
1000 	 1034 	 3.0392933448e-05 	 1.2577171720e-06
1100 	 1136 	 3.0391288811e-05 	 9.3631300363e-07
1200 	 1239 	 3.0390391111e-05 	 9.7528780578e-07
1300 	 1344 	 3.0389960523e-05 	 6.2573501592e-07
1400 	 1445 	 3.0389752328e-05 	 1.9120910767e-07
1500 	 1548 	 3.0389620014e-05 	 2.3076943405e-07
1600 	 1652 	 3.0389538063e-05 	 2.2613288743e-07
1700 	 1754 	 3.0389495189e-05 	 1.1730250766e-07
1800 	 1857 	 3.0389466579e-05 	 1.6396153544e-07
1900 	 1961 	 3.0389449435e-05 	 1.8993880145e-07
2000 	 2065 	 3.0389441004e-05 	 5.1881713542e-08
2100 	 2167 	 3.0389436745e-05 	 3.0846611592e-08
2200 	 2267 	 3.0389434739e-05 	 2.3460446144e-08
2300 	 2370 	 3.0389433563e-05 	 1.5221929730e-08
2400 	 2472 	 3.0389432740e-05 	 1.7590978494e-08
2500 	 2575 	 3.0389432091e-05 	 1.2355101921e-08
2600 	 2678 	 3.0389431610e-05 	 2.4614002203e-08
2700 	 2783 	 3.0389431263e-05 	 3.4819964976e-08
2800 	 2886 	 3.0389431024e-05 	 1.0773894143e-08
2900 	 2989 	 3.0389430880e-05 	 8.6143383260e-09
3000 	 3091 	 3.0389430782e-05 	 6.4665430353e-09
3100 	 3195 	 3.0389430684e-05 	 9.3637139479e-09
3200 	 3298 	 3.0389430599e-05 	 6.8427489167e-09
3300 	 3401 	 3.0389430525e-05 	 6.4993161794e-09
3400 	 3505 	 3.0389430486e-05 	 5.6564231817e-09
3500 	 3609 	 3.0389430467e-05 	 2.8947813968e-09
3600 	 3711 	 3.0389430459e-05 	 1.9525520724e-09
3700 	 3813 	 3.0389430455e-05 	 8.5389999567e-10
3800 	 3914 	 3.0389430453e-05 	 7.6889830351e-10
3900 	 4016 	 3.0389430452e-05 	 6.9064675002e-10
4000 	 4117 	 3.0389430451e-05 	 5.5484990117e-10
4100 	 4219 	 3.0389430450e-05 	 6.7786355365e-10
4200 	 4321 	 3.0389430450e-05 	 7.9823488116e-10
4300 	 4422 	 3.0389430449e-05 	 2.4200820107e-10
4400 	 4524 	 3.0389430449e-05 	 2.4814440617e-10
4500 	 4627 	 3.0389430449e-05 	 2.1603906107e-10
4600 	 4734 	 3.0389430449e-05 	 1.8731097465e-10
4700 	 4839 	 3.0389430449e-05 	 1.8358912892e-10
4800 	 4953 	 3.0389430449e-05 	 2.0800464921e-10
# ---- 
 1 		 4892 	 5076 		 3.8732432701e-05 	 3.0389430449e-05 	 1.6256737166e-10
# ---- 
100 	 105 	 3.5831604795e-05 	 1.2370080587e-05
200 	 208 	 3.5724339820e-05 	 5.9468849650e-06
300 	 311 	 3.5682067852e-05 	 3.2646983456e-06
400 	 414 	 3.5661608029e-05 	 2.2208027312e-06
500 	 517 	 3.5655837407e-05 	 1.7986847236e-06
600 	 619 	 3.5652812675e-05 	 7.7061501032e-07
700 	 722 	 3.5650437396e-05 	 1.2336517071e-06
800 	 823 	 3.5647916663e-05 	 1.0185075903e-06
900 	 924 	 3.5645136414e-05 	 1.0719062386e-06
1000 	 1026 	 3.5643031254e-05 	 7.6059102436e-07
1100 	 1128 	 3.5641558902e-05 	 1.0929961695e-06
1200 	 1229 	 3.5640668506e-05 	 4.8604301941e-07
1300 	 1331 	 3.5640245644e-05 	 3.5913796670e-07
1400 	 1433 	 3.5640000771e-05 	 2.7036457990e-07
1500 	 1538 	 3.5639853579e-05 	 3.9822727002e-07
1600 	 1639 	 3.5639756743e-05 	 1.6761008374e-07
1700 	 1740 	 3.5639695942e-05 	 2.0556979266e-07
1800 	 1842 	 3.5639654337e-05 	 1.0175545949e-07
1900 	 1943 	 3.5639630354e-05 	 8.1151862938e-08
2000 	 2045 	 3.5639616906e-05 	 5.3478962447e-08
2100 	 2146 	 3.5639609563e-05 	 3.4427880490e-08
2200 	 2251 	 3.5639605002e-05 	 4.6426814657e-08
2300 	 2352 	 3.5639601532e-05 	 3.4871480426e-08
2400 	 2454 	 3.5639598613e-05 	 3.7620777331e-08
2500 	 2556 	 3.5639595758e-05 	 2.8596514916e-08
2600 	 2659 	 3.5639593726e-05 	 2.3236147288e-08
2700 	 2760 	 3.5639592305e-05 	 2.6923525424e-08
2800 	 2863 	 3.5639591423e-05 	 1.9912189380e-08
2900 	 2964 	 3.5639590752e-05 	 2.7559405980e-08
3000 	 3067 	 3.5639590122e-05 	 3.6710663049e-08
3100 	 3168 	 3.5639589478e-05 	 1.8105959355e-08
3200 	 3271 	 3.5639589009e-05 	 1.2228133986e-08
3300 	 3371 	 3.5639588757e-05 	 1.1924589819e-08
3400 	 3472 	 3.5639588655e-05 	 5.0347932071e-09
3500 	 3573 	 3.5639588614e-05 	 2.5651253149e-09
3600 	 3678 	 3.5639588598e-05 	 2.2146780580e-09
3700 	 3781 	 3.5639588590e-05 	 1.8993767801e-09
3800 	 3883 	 3.5639588584e-05 	 1.8530253212e-09
3900 	 3986 	 3.5639588578e-05 	 2.2091147132e-09
4000 	 4087 	 3.5639588573e-05 	 1.6116304086e-09
4100 	 4188 	 3.5639588568e-05 	 1.4023376862e-09
4200 	 4289 	 3.5639588566e-05 	 1.2789940249e-09
4300 	 4391 	 3.5639588564e-05 	 1.4905724769e-09
4400 	 4491 	 3.5639588564e-05 	 4.3203078243e-10
4500 	 4594 	 3.5639588563e-05 	 4.6010925230e-10
4600 	 4698 	 3.5639588562e-05 	 1.1786538080e-09
4700 	 4801 	 3.5639588561e-05 	 5.7959473822e-10
4800 	 4904 	 3.5639588561e-05 	 5.9575743330e-10
4900 	 5005 	 3.5639588560e-05 	 2.6156011765e-10
5000 	 5115 	 3.5639588560e-05 	 1.4172996821e-10
5100 	 5229 	 3.5639588560e-05 	 1.8284162117e-10
5200 	 5340 	 3.5639588560e-05 	 1.1896895040e-10
# ---- 
 1 		 5296 	 5470 		 4.4009481967e-05 	 3.5639588560e-05 	 1.0959868686e-10
# ---- 
