100 	 107 	 5.3636027435e-06 	 3.0840773297e-05
200 	 209 	 4.1749595632e-06 	 2.4009172028e-05
300 	 312 	 3.2730570923e-06 	 1.7149518864e-05
400 	 416 	 2.7185380958e-06 	 2.6747235480e-05
500 	 520 	 2.2948220036e-06 	 1.4866083430e-05
600 	 623 	 1.9914637851e-06 	 1.3997709585e-05
700 	 726 	 1.7889657045e-06 	 7.5215517626e-06
800 	 827 	 1.6420872036e-06 	 1.0073691985e-05
900 	 930 	 1.5054137709e-06 	 7.4238031385e-06
1000 	 1030 	 1.4198013617e-06 	 7.5437699803e-06
1100 	 1131 	 1.2865855893e-06 	 5.2312746859e-06
1200 	 1234 	 1.2094760340e-06 	 5.1808941965e-06
1300 	 1334 	 1.1869374511e-06 	 2.5139946424e-06
1400 	 1437 	 1.1773387496e-06 	 1.6085976703e-06
1500 	 1540 	 1.1735134055e-06 	 1.4725829556e-06
1600 	 1644 	 1.1698185373e-06 	 1.2932397116e-06
1700 	 1746 	 1.1659999499e-06 	 8.5159826874e-07
1800 	 1849 	 1.1639284500e-06 	 1.0238546002e-06
1900 	 1952 	 1.1631953057e-06 	 4.0501924596e-07
2000 	 2054 	 1.1628105671e-06 	 6.3563203122e-07
2100 	 2156 	 1.1624457542e-06 	 3.0855025057e-07
2200 	 2259 	 1.1616961601e-06 	 6.8229063510e-07
2300 	 2360 	 1.1586307247e-06 	 1.3193892472e-06
2400 	 2462 	 1.1364710956e-06 	 7.1695586066e-06
2500 	 2564 	 1.0996440625e-06 	 3.6770491653e-06
2600 	 2665 	 1.0785989240e-06 	 2.6424391136e-06
2700 	 2767 	 1.0666138362e-06 	 4.5190311652e-06
2800 	 2870 	 1.0596881296e-06 	 2.3177684539e-06
2900 	 2972 	 1.0554079375e-06 	 1.1681130153e-06
3000 	 3073 	 1.0529203678e-06 	 1.2876213436e-06
3100 	 3176 	 1.0509023850e-06 	 2.5445994170e-06
3200 	 3277 	 1.0373275354e-06 	 3.9976387660e-06
3300 	 3377 	 9.9188208982e-07 	 4.6341748393e-06
3400 	 3480 	 9.8002175934e-07 	 2.4818124562e-06
3500 	 3581 	 9.7572017713e-07 	 1.4577270292e-06
3600 	 3684 	 9.7370848020e-07 	 9.5304912940e-07
3700 	 3787 	 9.7196902349e-07 	 7.8853075988e-07
3800 	 3890 	 9.7081597023e-07 	 3.6609788712e-07
3900 	 3991 	 9.7024469513e-07 	 9.5772711066e-07
4000 	 4091 	 9.6969684627e-07 	 4.4441836083e-07
4100 	 4193 	 9.6808157140e-07 	 1.0975130200e-06
4200 	 4295 	 9.6614702715e-07 	 8.4570654206e-07
4300 	 4397 	 9.6529283886e-07 	 3.9804583375e-07
4400 	 4500 	 9.6486119709e-07 	 3.6431909533e-07
4500 	 4604 	 9.6442852422e-07 	 4.2896881207e-07
4600 	 4706 	 9.6410466395e-07 	 5.1823146961e-07
4700 	 4808 	 9.6400342044e-07 	 2.4481217430e-07
4800 	 4911 	 9.6396233287e-07 	 2.3038047303e-07
4900 	 5015 	 9.6390537755e-07 	 2.1706522256e-07
5000 	 5116 	 9.6383565306e-07 	 3.4385422070e-07
5100 	 5218 	 9.6378124243e-07 	 2.6071427599e-07
5200 	 5322 	 9.6370845787e-07 	 4.8817843195e-07
5300 	 5427 	 9.6363950161e-07 	 1.4620582324e-07
5400 	 5530 	 9.6359123421e-07 	 1.1179438446e-07
5500 	 5633 	 9.6356560253e-07 	 2.0626813963e-07
5600 	 5735 	 9.6354651822e-07 	 1.1545995818e-07
5700 	 5836 	 9.6351388907e-07 	 1.1610622050e-07
5800 	 5937 	 9.6346708163e-07 	 1.3890673401e-07
5900 	 6040 	 9.6343165682e-07 	 2.2578634123e-07
6000 	 6141 	 9.6341077766e-07 	 1.5522892586e-07
6100 	 6243 	 9.6338963198e-07 	 9.1518270339e-08
6200 	 6346 	 9.6336697780e-07 	 1.0036122249e-07
6300 	 6449 	 9.6335470264e-07 	 5.2800582262e-08
6400 	 6553 	 9.6334813315e-07 	 5.4483883994e-08
6500 	 6653 	 9.6333725516e-07 	 7.9188618865e-08
6600 	 6756 	 9.6331234858e-07 	 1.3988101022e-07
6700 	 6860 	 9.6328347005e-07 	 1.6472143514e-07
6800 	 6961 	 9.6326806312e-07 	 8.0697715167e-08
6900 	 7062 	 9.6325928169e-07 	 9.3901852129e-08
7000 	 7165 	 9.6324943826e-07 	 6.8414277003e-08
7100 	 7266 	 9.6323625422e-07 	 1.0549500881e-07
7200 	 7368 	 9.6322608816e-07 	 1.1948926081e-07
7300 	 7470 	 9.6321812254e-07 	 7.4873082039e-08
7400 	 7571 	 9.6320596946e-07 	 9.2598208747e-08
7500 	 7672 	 9.6318523169e-07 	 1.2272615501e-07
7600 	 7773 	 9.6316400083e-07 	 1.1221182110e-07
7700 	 7875 	 9.6314690669e-07 	 9.4803760307e-08
7800 	 7975 	 9.6313407485e-07 	 1.6028839093e-07
7900 	 8079 	 9.6312314088e-07 	 7.9404583017e-08
8000 	 8182 	 9.6311357147e-07 	 8.5058866115e-08
8100 	 8287 	 9.6310747914e-07 	 4.6009917974e-08
8200 	 8388 	 9.6310436640e-07 	 1.0206205674e-07
8300 	 8489 	 9.6310151827e-07 	 1.2410414596e-07
8400 	 8592 	 9.6309699014e-07 	 4.8575538593e-08
8500 	 8695 	 9.6309121402e-07 	 5.3664335577e-08
8600 	 8797 	 9.6308759817e-07 	 4.1722684313e-08
8700 	 8900 	 9.6308529067e-07 	 4.6068706833e-08
8800 	 9002 	 9.6308332322e-07 	 3.9001270492e-08
8900 	 9103 	 9.6308146813e-07 	 3.3052266218e-08
9000 	 9207 	 9.6308011911e-07 	 2.7353212797e-08
9100 	 9309 	 9.6307937510e-07 	 2.1933906343e-08
9200 	 9410 	 9.6307882065e-07 	 2.5661124307e-08
9300 	 9511 	 9.6307831554e-07 	 1.5478092711e-08
9400 	 9612 	 9.6307785160e-07 	 1.5445110699e-08
9500 	 9715 	 9.6307751155e-07 	 1.6264545223e-08
9600 	 9819 	 9.6307728543e-07 	 1.3557542308e-08
9700 	 9922 	 9.6307709322e-07 	 1.3238337631e-08
9800 	 10024 	 9.6307684699e-07 	 1.1388558267e-08
9900 	 10125 	 9.6307668228e-07 	 6.1798085663e-09
10000 	 10228 	 9.6307661528e-07 	 6.2964402035e-09
10100 	 10330 	 9.6307653343e-07 	 9.9614138937e-09
10200 	 10434 	 9.6307632255e-07 	 1.3650694991e-08
10300 	 10535 	 9.6307607440e-07 	 1.0667977525e-08
10400 	 10639 	 9.6307598173e-07 	 7.9534882904e-09
10500 	 10743 	 9.6307595928e-07 	 3.6445305278e-09
10600 	 10846 	 9.6307593718e-07 	 3.6887572354e-09
10700 	 10949 	 9.6307591151e-07 	 3.3513945804e-09
10800 	 11049 	 9.6307590141e-07 	 1.9245008480e-09
10900 	 11152 	 9.6307589622e-07 	 1.9914570528e-09
11000 	 11252 	 9.6307588333e-07 	 4.7945418566e-09
11100 	 11355 	 9.6307585839e-07 	 3.2242146973e-09
11200 	 11458 	 9.6307584290e-07 	 5.8437576107e-09
11300 	 11560 	 9.6307583452e-07 	 2.1747787868e-09
11400 	 11663 	 9.6307582107e-07 	 5.6368247956e-09
11500 	 11764 	 9.6307580875e-07 	 2.2630984771e-09
11600 	 11867 	 9.6307580486e-07 	 1.7229320270e-09
11700 	 11968 	 9.6307580378e-07 	 7.2349476896e-10
11800 	 12070 	 9.6307580255e-07 	 2.2740058057e-09
11900 	 12172 	 9.6307579835e-07 	 1.8758488513e-09
12000 	 12273 	 9.6307579343e-07 	 1.7941759762e-09
12100 	 12378 	 9.6307579064e-07 	 1.6638132448e-09
12200 	 12482 	 9.6307578411e-07 	 2.5448090066e-09
12300 	 12583 	 9.6307576967e-07 	 2.5478894391e-09
12400 	 12686 	 9.6307576056e-07 	 2.4911812684e-09
12500 	 12787 	 9.6307575795e-07 	 2.0015780200e-09
12600 	 12890 	 9.6307575647e-07 	 1.2166193681e-09
12700 	 12993 	 9.6307575464e-07 	 1.1317149121e-09
12800 	 13098 	 9.6307575368e-07 	 5.4561130998e-10
12900 	 13200 	 9.6307575319e-07 	 7.1151472737e-10
13000 	 13301 	 9.6307575181e-07 	 1.0939047393e-09
13100 	 13402 	 9.6307574687e-07 	 1.9293832050e-09
13200 	 13505 	 9.6307574266e-07 	 1.4214672645e-09
13300 	 13608 	 9.6307574104e-07 	 1.4291747826e-09
13400 	 13712 	 9.6307573925e-07 	 1.7246107891e-09
13500 	 13814 	 9.6307573681e-07 	 1.0445896804e-09
13600 	 13916 	 9.6307573583e-07 	 5.3217941460e-10
13700 	 14018 	 9.6307573560e-07 	 7.2587791820e-10
13800 	 14120 	 9.6307573545e-07 	 5.8873962855e-10
13900 	 14223 	 9.6307573528e-07 	 3.8257602029e-10
14000 	 14327 	 9.6307573517e-07 	 2.4663304163e-10
14100 	 14429 	 9.6307573511e-07 	 2.0977606980e-10
14200 	 14533 	 9.6307573501e-07 	 3.2680649594e-10
14300 	 14637 	 9.6307573477e-07 	 5.6508346047e-10
14400 	 14740 	 9.6307573443e-07 	 4.6647335516e-10
14500 	 14840 	 9.6307573421e-07 	 3.8827793512e-10
14600 	 14942 	 9.6307573407e-07 	 2.8681112688e-10
14700 	 15043 	 9.6307573390e-07 	 4.4535521305e-10
14800 	 15147 	 9.6307573371e-07 	 2.9950937623e-10
14900 	 15249 	 9.6307573365e-07 	 1.2753876658e-10
15000 	 15352 	 9.6307573363e-07 	 1.2529810732e-10
15100 	 15456 	 9.6307573359e-07 	 2.2503529533e-10
15200 	 15556 	 9.6307573351e-07 	 5.0463435245e-10
15300 	 15658 	 9.6307573342e-07 	 1.6823809243e-10
15400 	 15761 	 9.6307573337e-07 	 4.0224901252e-10
15500 	 15864 	 9.6307573325e-07 	 8.1035924721e-10
15600 	 15967 	 9.6307573310e-07 	 2.1441033099e-10
15700 	 16069 	 9.6307573307e-07 	 9.1294366055e-11
15800 	 16175 	 9.6307573305e-07 	 1.6208000533e-10
15900 	 16276 	 9.6307573302e-07 	 1.3493309305e-10
16000 	 16380 	 9.6307573300e-07 	 1.0041157704e-10
16100 	 16486 	 9.6307573299e-07 	 1.3022452450e-10
16200 	 16589 	 9.6307573295e-07 	 2.3903708796e-10
16300 	 16692 	 9.6307573285e-07 	 3.8522400818e-10
16400 	 16796 	 9.6307573277e-07 	 1.6579080511e-10
16500 	 16897 	 9.6307573274e-07 	 1.9655179649e-10
16600 	 17001 	 9.6307573268e-07 	 2.3853875514e-10
16700 	 17103 	 9.6307573264e-07 	 1.6495335409e-10
16800 	 17211 	 9.6307573263e-07 	 5.7327962885e-11
16900 	 17315 	 9.6307573262e-07 	 1.3125039347e-10
17000 	 17422 	 9.6307573261e-07 	 6.6738769135e-11
# ---- 
 1 		 17086 	 17540 		 8.3450926448e-06 	 9.6307573260e-07 	 5.8837265487e-11
# ---- 
100 	 104 	 3.4136831218e-06 	 3.5576789211e-05
200 	 208 	 2.7859057712e-06 	 9.5865530825e-06
300 	 309 	 2.7158493858e-06 	 4.3852513957e-06
400 	 411 	 2.6757345521e-06 	 3.5462887148e-06
500 	 512 	 2.6409688862e-06 	 3.0200955352e-06
600 	 614 	 2.6098352992e-06 	 3.2430776221e-06
700 	 716 	 2.5856264724e-06 	 3.1226246501e-06
800 	 816 	 2.5752493532e-06 	 1.8287409547e-06
900 	 920 	 2.5701476967e-06 	 2.5021494229e-06
1000 	 1025 	 2.5679913327e-06 	 5.8015589990e-07
1100 	 1126 	 2.5671087290e-06 	 9.2007929866e-07
1200 	 1228 	 2.5667754717e-06 	 3.6938281804e-07
1300 	 1329 	 2.5665566058e-06 	 2.8649273874e-07
1400 	 1433 	 2.5664370685e-06 	 4.1350924563e-07
1500 	 1534 	 2.5663872964e-06 	 1.1248964255e-07
1600 	 1636 	 2.5663570701e-06 	 1.0710416754e-07
1700 	 1737 	 2.5663347294e-06 	 1.1104548597e-07
1800 	 1840 	 2.5663223109e-06 	 9.6519492485e-08
1900 	 1942 	 2.5663154423e-06 	 1.0031074820e-07
2000 	 2044 	 2.5663126879e-06 	 2.6656164067e-08
2100 	 2146 	 2.5663113441e-06 	 3.1686118705e-08
2200 	 2248 	 2.5663102707e-06 	 2.2834415156e-08
2300 	 2350 	 2.5663090660e-06 	 2.4936258230e-08
2400 	 2450 	 2.5663074170e-06 	 4.7068985419e-08
2500 	 2551 	 2.5663055101e-06 	 3.1243271886e-08
2600 	 2652 	 2.5663032063e-06 	 3.6459560658e-08
2700 	 2755 	 2.5662991577e-06 	 6.9251308784e-08
2800 	 2855 	 2.5662922418e-06 	 1.2577685084e-07
2900 	 2958 	 2.5662833997e-06 	 5.5286739092e-08
3000 	 3060 	 2.5662739849e-06 	 6.8139008927e-08
3100 	 3163 	 2.5662615745e-06 	 8.5429324052e-08
3200 	 3265 	 2.5662467724e-06 	 1.2107543864e-07
3300 	 3367 	 2.5662348203e-06 	 6.2393852914e-08
3400 	 3469 	 2.5662274410e-06 	 4.4121692063e-08
3500 	 3571 	 2.5662236551e-06 	 3.8731482617e-08
3600 	 3674 	 2.5662221708e-06 	 3.1126278845e-08
3700 	 3776 	 2.5662215190e-06 	 2.4420373557e-08
3800 	 3878 	 2.5662212148e-06 	 1.0682790236e-08
3900 	 3979 	 2.5662210097e-06 	 9.8665758248e-09
4000 	 4081 	 2.5662208658e-06 	 6.8326135929e-09
4100 	 4187 	 2.5662207578e-06 	 7.3026512830e-09
4200 	 4287 	 2.5662206997e-06 	 5.0232964587e-09
4300 	 4391 	 2.5662206706e-06 	 9.2240121310e-09
4400 	 4492 	 2.5662206364e-06 	 1.2613163532e-08
4500 	 4595 	 2.5662205659e-06 	 9.3113932441e-09
4600 	 4699 	 2.5662204472e-06 	 7.9928098958e-09
4700 	 4803 	 2.5662203310e-06 	 6.0916743829e-09
4800 	 4906 	 2.5662202038e-06 	 1.0182834788e-08
4900 	 5008 	 2.5662200440e-06 	 1.5672656686e-08
5000 	 5111 	 2.5662197850e-06 	 1.0361837203e-08
5100 	 5211 	 2.5662195646e-06 	 9.8005970414e-09
5200 	 5314 	 2.5662194516e-06 	 7.2029100560e-09
5300 	 5418 	 2.5662193893e-06 	 7.1647604784e-09
5400 	 5518 	 2.5662193514e-06 	 5.1746734493e-09
5500 	 5623 	 2.5662193309e-06 	 2.6476693418e-09
5600 	 5727 	 2.5662193181e-06 	 1.8388894865e-09
5700 	 5830 	 2.5662193119e-06 	 1.2564433924e-09
5800 	 5934 	 2.5662193064e-06 	 1.7623139823e-09
5900 	 6038 	 2.5662192968e-06 	 4.5825454884e-09
6000 	 6141 	 2.5662192715e-06 	 4.1702755926e-09
6100 	 6243 	 2.5662192400e-06 	 3.6393561210e-09
6200 	 6346 	 2.5662192209e-06 	 3.3900501727e-09
6300 	 6446 	 2.5662192078e-06 	 2.4912321244e-09
6400 	 6548 	 2.5662191918e-06 	 4.4601931707e-09
6500 	 6648 	 2.5662191769e-06 	 2.4521988110e-09
6600 	 6750 	 2.5662191658e-06 	 3.2199730849e-09
6700 	 6853 	 2.5662191583e-06 	 3.6058044802e-09
6800 	 6955 	 2.5662191529e-06 	 1.4726642814e-09
6900 	 7057 	 2.5662191497e-06 	 1.1267266520e-09
7000 	 7159 	 2.5662191476e-06 	 1.2976414117e-09
7100 	 7260 	 2.5662191456e-06 	 1.1064718646e-09
7200 	 7361 	 2.5662191424e-06 	 2.1881552429e-09
7300 	 7462 	 2.5662191346e-06 	 3.1637478618e-09
7400 	 7562 	 2.5662191218e-06 	 2.8404525421e-09
7500 	 7664 	 2.5662191115e-06 	 2.1719953635e-09
7600 	 7767 	 2.5662191047e-06 	 2.1175179179e-09
7700 	 7868 	 2.5662190964e-06 	 3.3085753592e-09
7800 	 7968 	 2.5662190841e-06 	 2.8867936265e-09
7900 	 8069 	 2.5662190742e-06 	 2.1293144430e-09
8000 	 8170 	 2.5662190705e-06 	 9.9717703041e-10
8100 	 8273 	 2.5662190695e-06 	 6.3903465448e-10
8200 	 8374 	 2.5662190687e-06 	 7.3703143236e-10
8300 	 8478 	 2.5662190676e-06 	 1.3607370932e-09
8400 	 8582 	 2.5662190663e-06 	 6.8351183338e-10
8500 	 8682 	 2.5662190656e-06 	 7.9566329048e-10
8600 	 8785 	 2.5662190653e-06 	 4.8164779500e-10
8700 	 8887 	 2.5662190648e-06 	 7.2120000948e-10
8800 	 8990 	 2.5662190639e-06 	 9.6614677580e-10
8900 	 9092 	 2.5662190622e-06 	 8.1305425550e-10
9000 	 9196 	 2.5662190611e-06 	 1.0431480798e-09
9100 	 9298 	 2.5662190603e-06 	 1.3959702932e-09
9200 	 9400 	 2.5662190590e-06 	 1.2545123593e-09
9300 	 9503 	 2.5662190551e-06 	 2.0224467774e-09
9400 	 9609 	 2.5662190489e-06 	 1.6997641741e-09
9500 	 9712 	 2.5662190444e-06 	 1.3303112518e-09
9600 	 9815 	 2.5662190426e-06 	 9.0150084490e-10
9700 	 9917 	 2.5662190419e-06 	 5.1354983361e-10
9800 	 10017 	 2.5662190412e-06 	 6.3189834921e-10
9900 	 10118 	 2.5662190404e-06 	 6.9058839193e-10
10000 	 10221 	 2.5662190397e-06 	 6.0511066428e-10
10100 	 10323 	 2.5662190394e-06 	 5.7676881601e-10
10200 	 10427 	 2.5662190393e-06 	 2.4736856074e-10
10300 	 10529 	 2.5662190392e-06 	 5.2826605268e-10
10400 	 10630 	 2.5662190388e-06 	 6.5659470841e-10
10500 	 10732 	 2.5662190381e-06 	 1.2570541088e-09
10600 	 10835 	 2.5662190373e-06 	 8.3475335393e-10
10700 	 10940 	 2.5662190368e-06 	 6.7019462624e-10
10800 	 11042 	 2.5662190358e-06 	 1.0862667394e-09
10900 	 11143 	 2.5662190323e-06 	 2.1165741489e-09
11000 	 11246 	 2.5662190249e-06 	 2.2227932543e-09
11100 	 11350 	 2.5662190189e-06 	 1.5630957880e-09
11200 	 11453 	 2.5662190168e-06 	 1.0170193668e-09
11300 	 11556 	 2.5662190160e-06 	 8.0753322388e-10
11400 	 11659 	 2.5662190152e-06 	 1.2525833885e-09
11500 	 11762 	 2.5662190143e-06 	 1.2288167448e-09
11600 	 11863 	 2.5662190137e-06 	 7.9698753761e-10
11700 	 11968 	 2.5662190135e-06 	 3.5123134733e-10
11800 	 12071 	 2.5662190134e-06 	 3.1965264486e-10
11900 	 12181 	 2.5662190134e-06 	 1.0984904975e-10
12000 	 12289 	 2.5662190134e-06 	 1.3842093467e-10
12100 	 12400 	 2.5662190134e-06 	 1.3936673169e-10
12200 	 12507 	 2.5662190133e-06 	 4.3810072442e-11
12300 	 12620 	 2.5662190133e-06 	 1.1038939784e-10
12400 	 12727 	 2.5662190133e-06 	 5.3258076708e-11
# ---- 
 1 		 12465 	 12818 		 1.0680521724e-05 	 2.5662190133e-06 	 8.4175471374e-11
# ---- 
100 	 105 	 5.0807473848e-06 	 2.7192211486e-05
200 	 207 	 4.7917413638e-06 	 5.3663011954e-06
300 	 310 	 4.7561660092e-06 	 5.4564158237e-06
400 	 411 	 4.7232895399e-06 	 4.5228169338e-06
500 	 514 	 4.6940504779e-06 	 3.3002082916e-06
600 	 616 	 4.6718492957e-06 	 3.2587603812e-06
700 	 716 	 4.6545450714e-06 	 2.8762659800e-06
800 	 818 	 4.6457621457e-06 	 1.9091969303e-06
900 	 920 	 4.6408175699e-06 	 1.3770772021e-06
1000 	 1022 	 4.6382330215e-06 	 1.3815665031e-06
1100 	 1125 	 4.6369391348e-06 	 5.4254582508e-07
1200 	 1227 	 4.6363532421e-06 	 8.3357231274e-07
1300 	 1329 	 4.6360087322e-06 	 7.9033286149e-07
1400 	 1430 	 4.6356944830e-06 	 2.8337603214e-07
1500 	 1535 	 4.6354941494e-06 	 3.5921105630e-07
1600 	 1636 	 4.6353547181e-06 	 1.8237452181e-07
1700 	 1736 	 4.6352863021e-06 	 1.5532369248e-07
1800 	 1838 	 4.6352515693e-06 	 9.9427134237e-08
1900 	 1939 	 4.6352365677e-06 	 8.1389754825e-08
2000 	 2044 	 4.6352242719e-06 	 7.3761268310e-08
2100 	 2147 	 4.6352158178e-06 	 4.7176892165e-08
2200 	 2247 	 4.6352087598e-06 	 6.2918522358e-08
2300 	 2348 	 4.6352021017e-06 	 7.5361043049e-08
2400 	 2448 	 4.6351966271e-06 	 5.2508536418e-08
2500 	 2548 	 4.6351904410e-06 	 9.0150260750e-08
2600 	 2649 	 4.6351835801e-06 	 8.7729562946e-08
2700 	 2753 	 4.6351706950e-06 	 1.3336234316e-07
2800 	 2858 	 4.6351442501e-06 	 1.7376914147e-07
2900 	 2960 	 4.6351029815e-06 	 1.5729305866e-07
3000 	 3063 	 4.6350630662e-06 	 1.8075032774e-07
3100 	 3164 	 4.6350341153e-06 	 2.9046010511e-07
3200 	 3266 	 4.6350141749e-06 	 1.5828833220e-07
3300 	 3367 	 4.6349973849e-06 	 9.1651232800e-08
3400 	 3469 	 4.6349828305e-06 	 6.3211126747e-08
3500 	 3571 	 4.6349712718e-06 	 1.1538591913e-07
3600 	 3675 	 4.6349640031e-06 	 5.4980256130e-08
3700 	 3776 	 4.6349602041e-06 	 3.8011057033e-08
3800 	 3877 	 4.6349583581e-06 	 3.0700000943e-08
3900 	 3981 	 4.6349573846e-06 	 2.3713724512e-08
4000 	 4081 	 4.6349566906e-06 	 1.9784063003e-08
4100 	 4184 	 4.6349560769e-06 	 3.0388771052e-08
4200 	 4286 	 4.6349554971e-06 	 1.7650139743e-08
4300 	 4387 	 4.6349550628e-06 	 2.1566157408e-08
4400 	 4490 	 4.6349546851e-06 	 1.4570383160e-08
4500 	 4590 	 4.6349540962e-06 	 4.7880450657e-08
4600 	 4692 	 4.6349527567e-06 	 4.6986166464e-08
4700 	 4793 	 4.6349502694e-06 	 6.6970529758e-08
4800 	 4895 	 4.6349468349e-06 	 5.2477473861e-08
4900 	 4997 	 4.6349429377e-06 	 4.0471357105e-08
5000 	 5099 	 4.6349381458e-06 	 5.2582131503e-08
5100 	 5202 	 4.6349320343e-06 	 4.5922692124e-08
5200 	 5304 	 4.6349256457e-06 	 7.0608058681e-08
5300 	 5407 	 4.6349208658e-06 	 4.6116117116e-08
5400 	 5509 	 4.6349182537e-06 	 3.3033464746e-08
5500 	 5611 	 4.6349166050e-06 	 3.8009548500e-08
5600 	 5713 	 4.6349155391e-06 	 5.7962991037e-08
5700 	 5815 	 4.6349144317e-06 	 2.6898001199e-08
5800 	 5918 	 4.6349137735e-06 	 1.2072418262e-08
5900 	 6018 	 4.6349133974e-06 	 1.0882929373e-08
6000 	 6120 	 4.6349131976e-06 	 1.9527181425e-08
6100 	 6224 	 4.6349130863e-06 	 7.7849365457e-09
6200 	 6325 	 4.6349129952e-06 	 6.4078287999e-09
6300 	 6426 	 4.6349128897e-06 	 8.3576409736e-09
6400 	 6530 	 4.6349127392e-06 	 6.7753525731e-09
6500 	 6631 	 4.6349125816e-06 	 2.0938142888e-08
6600 	 6733 	 4.6349124307e-06 	 1.0128866911e-08
6700 	 6836 	 4.6349122389e-06 	 1.3876686675e-08
6800 	 6939 	 4.6349118666e-06 	 1.7399638095e-08
6900 	 7041 	 4.6349112157e-06 	 2.3357501836e-08
7000 	 7144 	 4.6349105167e-06 	 1.6035952773e-08
7100 	 7247 	 4.6349101043e-06 	 1.4294155072e-08
7200 	 7348 	 4.6349098397e-06 	 1.5170056854e-08
7300 	 7448 	 4.6349096636e-06 	 2.9228846164e-08
7400 	 7551 	 4.6349095030e-06 	 9.9526115479e-09
7500 	 7654 	 4.6349093756e-06 	 8.8832400015e-09
7600 	 7756 	 4.6349092951e-06 	 6.1930272709e-09
7700 	 7858 	 4.6349092649e-06 	 3.6391571861e-09
7800 	 7958 	 4.6349092510e-06 	 2.8078430575e-09
7900 	 8061 	 4.6349092414e-06 	 3.4533945616e-09
8000 	 8163 	 4.6349092290e-06 	 3.0561809415e-09
8100 	 8264 	 4.6349092085e-06 	 3.7731779108e-09
8200 	 8366 	 4.6349091841e-06 	 4.1833134214e-09
8300 	 8466 	 4.6349091653e-06 	 2.7968874754e-09
8400 	 8570 	 4.6349091461e-06 	 3.9918458589e-09
8500 	 8673 	 4.6349091164e-06 	 5.2584514408e-09
8600 	 8774 	 4.6349090552e-06 	 1.0304508582e-08
8700 	 8877 	 4.6349089832e-06 	 6.5004735243e-09
8800 	 8980 	 4.6349089194e-06 	 5.7655301771e-09
8900 	 9083 	 4.6349088803e-06 	 4.7075157960e-09
9000 	 9183 	 4.6349088578e-06 	 3.3707239384e-09
9100 	 9288 	 4.6349088393e-06 	 3.6057206573e-09
9200 	 9391 	 4.6349088212e-06 	 3.2339886621e-09
9300 	 9492 	 4.6349088032e-06 	 9.2894431758e-09
9400 	 9593 	 4.6349087916e-06 	 2.0430731373e-09
9500 	 9695 	 4.6349087854e-06 	 1.5251698839e-09
9600 	 9796 	 4.6349087828e-06 	 1.0374422249e-09
9700 	 9900 	 4.6349087812e-06 	 1.1472269185e-09
9800 	 10003 	 4.6349087789e-06 	 1.8835174530e-09
9900 	 10105 	 4.6349087751e-06 	 2.3965677736e-09
10000 	 10207 	 4.6349087713e-06 	 1.4070245619e-09
10100 	 10309 	 4.6349087681e-06 	 2.2635367157e-09
10200 	 10411 	 4.6349087657e-06 	 1.5652819273e-09
10300 	 10512 	 4.6349087631e-06 	 1.5176579806e-09
10400 	 10615 	 4.6349087587e-06 	 1.6862940412e-09
10500 	 10716 	 4.6349087512e-06 	 3.5766398743e-09
10600 	 10820 	 4.6349087445e-06 	 4.1293323765e-09
10700 	 10925 	 4.6349087413e-06 	 1.1454208775e-09
10800 	 11028 	 4.6349087398e-06 	 8.0029145711e-10
10900 	 11132 	 4.6349087385e-06 	 1.7016887204e-09
11000 	 11234 	 4.6349087364e-06 	 2.6276643267e-09
11100 	 11337 	 4.6349087338e-06 	 1.7800354835e-09
11200 	 11440 	 4.6349087323e-06 	 8.0623581418e-10
11300 	 11541 	 4.6349087317e-06 	 9.0617470258e-10
11400 	 11643 	 4.6349087313e-06 	 5.4162693614e-10
11500 	 11744 	 4.6349087307e-06 	 7.4455133829e-10
11600 	 11847 	 4.6349087294e-06 	 1.2146435447e-09
11700 	 11948 	 4.6349087262e-06 	 3.6048761794e-09
11800 	 12050 	 4.6349087231e-06 	 1.7985714812e-09
11900 	 12154 	 4.6349087213e-06 	 1.3214208143e-09
12000 	 12257 	 4.6349087200e-06 	 1.1327011367e-09
12100 	 12360 	 4.6349087185e-06 	 9.6776288390e-10
12200 	 12463 	 4.6349087164e-06 	 1.5812541907e-09
12300 	 12564 	 4.6349087135e-06 	 2.2614101908e-09
12400 	 12667 	 4.6349087110e-06 	 1.4507543429e-09
12500 	 12770 	 4.6349087098e-06 	 7.9957599995e-10
12600 	 12871 	 4.6349087093e-06 	 4.8048046163e-10
12700 	 12974 	 4.6349087089e-06 	 5.6602942944e-10
12800 	 13078 	 4.6349087084e-06 	 6.5404966904e-10
12900 	 13180 	 4.6349087076e-06 	 9.6745625909e-10
13000 	 13285 	 4.6349087070e-06 	 8.6979000310e-10
13100 	 13387 	 4.6349087067e-06 	 2.9420387823e-10
13200 	 13488 	 4.6349087066e-06 	 4.0966045286e-10
13300 	 13590 	 4.6349087064e-06 	 3.5687497636e-10
13400 	 13693 	 4.6349087062e-06 	 4.5541295371e-10
13500 	 13795 	 4.6349087059e-06 	 4.6541187320e-10
13600 	 13897 	 4.6349087056e-06 	 5.4881358516e-10
13700 	 14000 	 4.6349087052e-06 	 4.1083666461e-10
13800 	 14103 	 4.6349087050e-06 	 5.3475092846e-10
13900 	 14205 	 4.6349087049e-06 	 5.6492895284e-10
14000 	 14308 	 4.6349087048e-06 	 5.9993269324e-10
14100 	 14409 	 4.6349087046e-06 	 4.3314864006e-10
14200 	 14512 	 4.6349087042e-06 	 4.7491610009e-10
14300 	 14613 	 4.6349087040e-06 	 3.5914017167e-10
14400 	 14714 	 4.6349087038e-06 	 3.3482253563e-10
14500 	 14815 	 4.6349087037e-06 	 1.9199635087e-10
14600 	 14920 	 4.6349087036e-06 	 1.7361925408e-10
14700 	 15023 	 4.6349087036e-06 	 1.2660073976e-10
14800 	 15130 	 4.6349087036e-06 	 1.3137486086e-10
14900 	 15233 	 4.6349087035e-06 	 1.8361612305e-10
15000 	 15343 	 4.6349087035e-06 	 2.4492063590e-10
15100 	 15446 	 4.6349087034e-06 	 2.0894635038e-10
15200 	 15549 	 4.6349087034e-06 	 2.4184328316e-10
15300 	 15655 	 4.6349087034e-06 	 1.5099847350e-10
15400 	 15760 	 4.6349087033e-06 	 1.2196712057e-10
15500 	 15863 	 4.6349087033e-06 	 2.3636929711e-10
15600 	 15966 	 4.6349087032e-06 	 2.1331347369e-10
15700 	 16067 	 4.6349087031e-06 	 4.8450075058e-10
15800 	 16167 	 4.6349087030e-06 	 5.3089120935e-10
15900 	 16268 	 4.6349087030e-06 	 2.1236641074e-10
16000 	 16375 	 4.6349087030e-06 	 7.9977220190e-11
16100 	 16492 	 4.6349087030e-06 	 5.9104057663e-11
# ---- 
 1 		 16132 	 16542 		 1.2809206423e-05 	 4.6349087030e-06 	 5.6028298194e-11
# ---- 
100 	 103 	 7.4329122190e-06 	 1.6047667719e-05
200 	 204 	 7.2593704919e-06 	 8.0765523592e-06
300 	 305 	 7.2327358088e-06 	 6.2707629446e-06
400 	 408 	 7.2043105490e-06 	 3.6892878821e-06
500 	 509 	 7.1791405282e-06 	 4.5342760741e-06
600 	 612 	 7.1605209282e-06 	 5.2619770817e-06
700 	 716 	 7.1447494414e-06 	 2.9684051484e-06
800 	 818 	 7.1361801992e-06 	 5.5920090488e-06
900 	 919 	 7.1311982170e-06 	 1.7062208403e-06
1000 	 1021 	 7.1293847106e-06 	 1.8032125708e-06
1100 	 1122 	 7.1286207785e-06 	 6.0573976105e-07
1200 	 1225 	 7.1282384318e-06 	 5.2211659429e-07
1300 	 1327 	 7.1280608324e-06 	 8.3014483572e-07
1400 	 1428 	 7.1279687383e-06 	 1.3445266689e-07
1500 	 1530 	 7.1279234007e-06 	 9.8353205084e-08
1600 	 1632 	 7.1278922460e-06 	 1.0194116782e-07
1700 	 1734 	 7.1278703842e-06 	 9.1923043056e-08
1800 	 1837 	 7.1278480072e-06 	 1.1268077007e-07
1900 	 1940 	 7.1278327938e-06 	 7.6884228808e-08
2000 	 2041 	 7.1278230964e-06 	 4.7144782153e-08
2100 	 2144 	 7.1278185720e-06 	 4.6768256567e-08
2200 	 2247 	 7.1278163938e-06 	 2.3474550019e-08
2300 	 2349 	 7.1278150948e-06 	 2.4904421985e-08
2400 	 2450 	 7.1278135543e-06 	 3.5260190568e-08
2500 	 2550 	 7.1278108585e-06 	 6.0457571654e-08
2600 	 2651 	 7.1278050122e-06 	 5.3152289090e-08
2700 	 2752 	 7.1277960736e-06 	 6.1474053797e-08
2800 	 2855 	 7.1277857855e-06 	 6.5660981713e-08
2900 	 2958 	 7.1277759379e-06 	 6.2193174110e-08
3000 	 3059 	 7.1277664923e-06 	 7.5470601689e-08
3100 	 3161 	 7.1277554714e-06 	 6.3045105773e-08
3200 	 3262 	 7.1277428099e-06 	 8.4341377664e-08
3300 	 3365 	 7.1277340845e-06 	 6.1474186101e-08
3400 	 3466 	 7.1277294226e-06 	 3.3639312681e-08
3500 	 3567 	 7.1277268139e-06 	 7.3207592574e-08
3600 	 3668 	 7.1277244629e-06 	 3.0722143071e-08
3700 	 3768 	 7.1277220009e-06 	 2.5752061990e-08
3800 	 3869 	 7.1277201751e-06 	 2.8044334257e-08
3900 	 3972 	 7.1277193326e-06 	 1.3875130643e-08
4000 	 4075 	 7.1277190363e-06 	 7.8023571118e-09
4100 	 4179 	 7.1277189225e-06 	 1.0914702837e-08
4200 	 4281 	 7.1277188516e-06 	 5.9501418009e-09
4300 	 4384 	 7.1277187872e-06 	 4.3985811987e-09
4400 	 4485 	 7.1277187069e-06 	 8.1817478229e-09
4500 	 4587 	 7.1277186103e-06 	 6.3927222627e-09
4600 	 4688 	 7.1277185138e-06 	 1.1692349423e-08
4700 	 4789 	 7.1277184109e-06 	 9.1997133918e-09
4800 	 4891 	 7.1277183008e-06 	 1.9352520976e-08
4900 	 4994 	 7.1277181449e-06 	 9.0756207919e-09
5000 	 5096 	 7.1277179597e-06 	 1.0887830883e-08
5100 	 5199 	 7.1277177573e-06 	 1.6651334742e-08
5200 	 5303 	 7.1277175566e-06 	 1.0749067653e-08
5300 	 5404 	 7.1277173847e-06 	 9.7823726205e-09
5400 	 5504 	 7.1277172114e-06 	 1.1485417986e-08
5500 	 5604 	 7.1277170398e-06 	 9.9724765001e-09
5600 	 5706 	 7.1277169032e-06 	 9.9785772209e-09
5700 	 5807 	 7.1277168365e-06 	 4.2359885579e-09
5800 	 5908 	 7.1277168131e-06 	 2.4820794572e-09
5900 	 6011 	 7.1277168028e-06 	 1.9060101123e-09
6000 	 6113 	 7.1277167944e-06 	 2.4087144881e-09
6100 	 6216 	 7.1277167815e-06 	 3.2947706671e-09
6200 	 6317 	 7.1277167542e-06 	 4.3447269486e-09
6300 	 6420 	 7.1277167238e-06 	 3.6431774434e-09
6400 	 6522 	 7.1277167022e-06 	 3.9396597838e-09
6500 	 6623 	 7.1277166847e-06 	 3.6918105550e-09
6600 	 6726 	 7.1277166593e-06 	 6.0688057861e-09
6700 	 6829 	 7.1277165997e-06 	 8.5259373543e-09
6800 	 6931 	 7.1277164938e-06 	 8.8754239032e-09
6900 	 7034 	 7.1277164098e-06 	 6.3285903909e-09
7000 	 7137 	 7.1277163737e-06 	 4.8554147690e-09
7100 	 7239 	 7.1277163602e-06 	 2.5614827884e-09
7200 	 7343 	 7.1277163530e-06 	 2.2799489845e-09
7300 	 7444 	 7.1277163439e-06 	 3.4145751644e-09
7400 	 7546 	 7.1277163329e-06 	 3.6690586053e-09
7500 	 7649 	 7.1277163232e-06 	 1.7050289309e-09
7600 	 7754 	 7.1277163180e-06 	 1.3541468322e-09
7700 	 7856 	 7.1277163154e-06 	 1.0067730014e-09
7800 	 7958 	 7.1277163134e-06 	 1.6319667188e-09
7900 	 8059 	 7.1277163106e-06 	 1.7620905351e-09
8000 	 8161 	 7.1277163046e-06 	 2.1254687380e-09
8100 	 8264 	 7.1277162910e-06 	 4.2520254717e-09
8200 	 8367 	 7.1277162724e-06 	 3.9850524047e-09
8300 	 8468 	 7.1277162606e-06 	 2.2381310071e-09
8400 	 8569 	 7.1277162548e-06 	 1.4800289678e-09
8500 	 8672 	 7.1277162526e-06 	 1.4069699199e-09
8600 	 8775 	 7.1277162507e-06 	 9.4284544622e-10
8700 	 8876 	 7.1277162483e-06 	 1.4036285640e-09
8800 	 8980 	 7.1277162448e-06 	 2.4064432854e-09
8900 	 9082 	 7.1277162421e-06 	 1.0225159640e-09
9000 	 9186 	 7.1277162409e-06 	 6.2264113849e-10
9100 	 9290 	 7.1277162402e-06 	 7.2348856804e-10
9200 	 9391 	 7.1277162392e-06 	 8.0309462967e-10
9300 	 9493 	 7.1277162375e-06 	 2.8217097918e-09
9400 	 9596 	 7.1277162347e-06 	 1.2445134337e-09
9500 	 9697 	 7.1277162320e-06 	 1.3134798309e-09
9600 	 9798 	 7.1277162304e-06 	 8.4042293127e-10
9700 	 9900 	 7.1277162296e-06 	 5.8585983388e-10
9800 	 10003 	 7.1277162291e-06 	 4.5418698182e-10
9900 	 10105 	 7.1277162286e-06 	 8.1223027225e-10
10000 	 10208 	 7.1277162279e-06 	 6.9126745487e-10
10100 	 10310 	 7.1277162272e-06 	 5.6555824010e-10
10200 	 10412 	 7.1277162268e-06 	 3.8172873233e-10
10300 	 10514 	 7.1277162266e-06 	 3.7380462435e-10
10400 	 10619 	 7.1277162265e-06 	 2.4752935314e-10
10500 	 10721 	 7.1277162264e-06 	 3.8108080681e-10
10600 	 10821 	 7.1277162262e-06 	 5.2714561327e-10
10700 	 10923 	 7.1277162258e-06 	 7.9337822586e-10
10800 	 11027 	 7.1277162253e-06 	 7.1091401110e-10
10900 	 11130 	 7.1277162249e-06 	 4.0051542444e-10
11000 	 11232 	 7.1277162248e-06 	 3.7335514822e-10
11100 	 11336 	 7.1277162246e-06 	 2.6802181883e-10
11200 	 11438 	 7.1277162245e-06 	 4.7352650624e-10
11300 	 11539 	 7.1277162243e-06 	 9.5847963956e-10
11400 	 11642 	 7.1277162241e-06 	 4.7338670169e-10
11500 	 11745 	 7.1277162239e-06 	 4.2687502413e-10
11600 	 11847 	 7.1277162238e-06 	 3.1268452229e-10
11700 	 11949 	 7.1277162238e-06 	 2.2934216359e-10
11800 	 12058 	 7.1277162238e-06 	 7.6307794725e-11
11900 	 12178 	 7.1277162238e-06 	 2.0532870187e-10
12000 	 12287 	 7.1277162237e-06 	 1.8246213102e-10
12100 	 12393 	 7.1277162237e-06 	 2.5097287610e-10
12200 	 12498 	 7.1277162236e-06 	 1.9998928277e-10
12300 	 12605 	 7.1277162236e-06 	 1.5116474144e-10
12400 	 12709 	 7.1277162236e-06 	 1.1822390432e-10
12500 	 12826 	 7.1277162236e-06 	 1.4856164995e-10
12600 	 12933 	 7.1277162235e-06 	 2.1719554538e-10
12700 	 13037 	 7.1277162235e-06 	 1.7363323192e-10
12800 	 13147 	 7.1277162234e-06 	 2.4138806444e-10
12900 	 13261 	 7.1277162234e-06 	 9.9046740039e-11
13000 	 13374 	 7.1277162234e-06 	 1.2853611105e-10
# ---- 
 1 		 13078 	 13487 		 1.5335484958e-05 	 7.1277162234e-06 	 8.4435520276e-11
# ---- 
100 	 105 	 1.0246296407e-05 	 1.6310773267e-05
200 	 207 	 1.0139420727e-05 	 4.0393186313e-06
300 	 309 	 1.0117901405e-05 	 3.1377204902e-06
400 	 411 	 1.0091929203e-05 	 2.9368239503e-06
500 	 515 	 1.0069723658e-05 	 5.2837417773e-06
600 	 619 	 1.0054229432e-05 	 3.4069054898e-06
700 	 724 	 1.0040565618e-05 	 4.6274679874e-06
800 	 827 	 1.0032207872e-05 	 2.7667372112e-06
900 	 929 	 1.0028230103e-05 	 1.1390785641e-06
1000 	 1031 	 1.0026536378e-05 	 1.4221674007e-06
1100 	 1132 	 1.0025810383e-05 	 3.7544206758e-07
1200 	 1235 	 1.0025437019e-05 	 2.7238048471e-07
1300 	 1338 	 1.0025276967e-05 	 1.7195492039e-07
1400 	 1441 	 1.0025208567e-05 	 1.4510019293e-07
1500 	 1543 	 1.0025180436e-05 	 1.2485508649e-07
1600 	 1646 	 1.0025169950e-05 	 7.5265520211e-08
1700 	 1748 	 1.0025163020e-05 	 6.1054359207e-08
1800 	 1850 	 1.0025154768e-05 	 5.7486294537e-08
1900 	 1952 	 1.0025146549e-05 	 4.4825446505e-08
2000 	 2054 	 1.0025140871e-05 	 9.5168357892e-08
2100 	 2157 	 1.0025137127e-05 	 3.5688843158e-08
2200 	 2261 	 1.0025134274e-05 	 3.4026015200e-08
2300 	 2363 	 1.0025131555e-05 	 4.1692571035e-08
2400 	 2465 	 1.0025128734e-05 	 3.5865744768e-08
2500 	 2566 	 1.0025125700e-05 	 2.7387786246e-08
2600 	 2669 	 1.0025122580e-05 	 4.6162828875e-08
2700 	 2772 	 1.0025119146e-05 	 5.0833275309e-08
2800 	 2873 	 1.0025114865e-05 	 3.8362565852e-08
2900 	 2975 	 1.0025110369e-05 	 6.1194331368e-08
3000 	 3077 	 1.0025105843e-05 	 8.1767685789e-08
3100 	 3179 	 1.0025101863e-05 	 4.0825734604e-08
3200 	 3280 	 1.0025099441e-05 	 2.5774968119e-08
3300 	 3385 	 1.0025097939e-05 	 1.9712832785e-08
3400 	 3485 	 1.0025097139e-05 	 2.2710828629e-08
3500 	 3585 	 1.0025096565e-05 	 4.3843241105e-08
3600 	 3688 	 1.0025095861e-05 	 1.8930337613e-08
3700 	 3791 	 1.0025095102e-05 	 1.9255552885e-08
3800 	 3891 	 1.0025094729e-05 	 9.1046996109e-09
3900 	 3993 	 1.0025094571e-05 	 1.8036770418e-08
4000 	 4097 	 1.0025094483e-05 	 5.4316806706e-09
4100 	 4199 	 1.0025094377e-05 	 8.2497926131e-09
4200 	 4301 	 1.0025094225e-05 	 7.0878928508e-09
4300 	 4403 	 1.0025094023e-05 	 1.1184263962e-08
4400 	 4505 	 1.0025093809e-05 	 9.2498739801e-09
4500 	 4607 	 1.0025093532e-05 	 1.2057902832e-08
4600 	 4711 	 1.0025093073e-05 	 2.7396142566e-08
4700 	 4813 	 1.0025092580e-05 	 1.9734737084e-08
4800 	 4915 	 1.0025092155e-05 	 1.2065401295e-08
4900 	 5016 	 1.0025091910e-05 	 1.0286933425e-08
5000 	 5118 	 1.0025091790e-05 	 7.0745592010e-09
5100 	 5219 	 1.0025091712e-05 	 1.2784339577e-08
5200 	 5321 	 1.0025091637e-05 	 8.0197620178e-09
5300 	 5423 	 1.0025091502e-05 	 7.4513520603e-09
5400 	 5524 	 1.0025091305e-05 	 1.0434804114e-08
5500 	 5627 	 1.0025091074e-05 	 1.1906130842e-08
5600 	 5732 	 1.0025090900e-05 	 8.8467698046e-09
5700 	 5837 	 1.0025090792e-05 	 9.9600360119e-09
5800 	 5939 	 1.0025090733e-05 	 8.3939375294e-09
5900 	 6043 	 1.0025090690e-05 	 4.5262177713e-09
6000 	 6146 	 1.0025090646e-05 	 5.4841633730e-09
6100 	 6246 	 1.0025090599e-05 	 5.5655808876e-09
6200 	 6352 	 1.0025090543e-05 	 5.1627827378e-09
6300 	 6452 	 1.0025090484e-05 	 7.6996009692e-09
6400 	 6555 	 1.0025090422e-05 	 6.0126220298e-09
6500 	 6656 	 1.0025090356e-05 	 5.7724080673e-09
6600 	 6758 	 1.0025090284e-05 	 9.4401105041e-09
6700 	 6860 	 1.0025090198e-05 	 7.0362583401e-09
6800 	 6965 	 1.0025090110e-05 	 8.6928749559e-09
6900 	 7066 	 1.0025090019e-05 	 6.1705091710e-09
7000 	 7167 	 1.0025089966e-05 	 4.9589719828e-09
7100 	 7273 	 1.0025089944e-05 	 5.6160449887e-09
7200 	 7377 	 1.0025089928e-05 	 3.6525302531e-09
7300 	 7478 	 1.0025089910e-05 	 3.1231543142e-09
7400 	 7581 	 1.0025089893e-05 	 2.9513869780e-09
7500 	 7682 	 1.0025089879e-05 	 2.6509339032e-09
7600 	 7782 	 1.0025089872e-05 	 2.6577628370e-09
7700 	 7885 	 1.0025089867e-05 	 4.4109561303e-09
7800 	 7988 	 1.0025089862e-05 	 3.0897089359e-09
7900 	 8091 	 1.0025089855e-05 	 1.7427058385e-09
8000 	 8191 	 1.0025089849e-05 	 2.0520562565e-09
8100 	 8293 	 1.0025089843e-05 	 1.8951389774e-09
8200 	 8395 	 1.0025089836e-05 	 3.4220020248e-09
8300 	 8497 	 1.0025089829e-05 	 2.0825634162e-09
8400 	 8600 	 1.0025089821e-05 	 2.0061920729e-09
8500 	 8702 	 1.0025089814e-05 	 2.9775038143e-09
8600 	 8803 	 1.0025089805e-05 	 2.1450267385e-09
8700 	 8906 	 1.0025089798e-05 	 1.6652645207e-09
8800 	 9008 	 1.0025089791e-05 	 2.2234960023e-09
8900 	 9109 	 1.0025089786e-05 	 2.1502902362e-09
9000 	 9212 	 1.0025089780e-05 	 2.1266691962e-09
9100 	 9314 	 1.0025089776e-05 	 1.5133936543e-09
9200 	 9419 	 1.0025089774e-05 	 1.2800495097e-09
9300 	 9520 	 1.0025089772e-05 	 1.0043148234e-09
9400 	 9621 	 1.0025089771e-05 	 9.0244983110e-10
9500 	 9723 	 1.0025089769e-05 	 1.2060072218e-09
9600 	 9827 	 1.0025089768e-05 	 9.3918592931e-10
9700 	 9930 	 1.0025089767e-05 	 1.0561075403e-09
9800 	 10033 	 1.0025089766e-05 	 7.8825180589e-10
9900 	 10134 	 1.0025089765e-05 	 8.6394995178e-10
10000 	 10236 	 1.0025089765e-05 	 6.0999748343e-10
10100 	 10339 	 1.0025089764e-05 	 9.5102018479e-10
10200 	 10439 	 1.0025089763e-05 	 1.2403473473e-09
10300 	 10541 	 1.0025089761e-05 	 1.1363479271e-09
10400 	 10643 	 1.0025089760e-05 	 9.7790500920e-10
10500 	 10743 	 1.0025089759e-05 	 8.6760160259e-10
10600 	 10848 	 1.0025089758e-05 	 4.4291587278e-10
10700 	 10951 	 1.0025089758e-05 	 5.9621838553e-10
10800 	 11053 	 1.0025089758e-05 	 5.8475741287e-10
10900 	 11155 	 1.0025089757e-05 	 8.2110556903e-10
11000 	 11256 	 1.0025089757e-05 	 3.8960673293e-10
11100 	 11357 	 1.0025089756e-05 	 3.2288053964e-10
11200 	 11460 	 1.0025089756e-05 	 1.9964190207e-10
11300 	 11567 	 1.0025089756e-05 	 1.6387639635e-10
11400 	 11671 	 1.0025089756e-05 	 1.4986281743e-10
11500 	 11775 	 1.0025089756e-05 	 6.8741336975e-10
11600 	 11878 	 1.0025089756e-05 	 2.8718102851e-10
11700 	 11984 	 1.0025089756e-05 	 2.4875284899e-10
11800 	 12085 	 1.0025089756e-05 	 2.6960081079e-10
11900 	 12187 	 1.0025089756e-05 	 2.4281367819e-10
12000 	 12289 	 1.0025089756e-05 	 2.9995190335e-10
12100 	 12390 	 1.0025089756e-05 	 2.6272780875e-10
12200 	 12495 	 1.0025089755e-05 	 2.8587424215e-10
12300 	 12598 	 1.0025089755e-05 	 2.3712835161e-10
12400 	 12705 	 1.0025089755e-05 	 2.7672800667e-10
12500 	 12809 	 1.0025089755e-05 	 1.7312616332e-10
12600 	 12914 	 1.0025089755e-05 	 2.5782301571e-10
12700 	 13019 	 1.0025089755e-05 	 1.8267829710e-10
12800 	 13123 	 1.0025089755e-05 	 1.7200744773e-10
12900 	 13228 	 1.0025089755e-05 	 9.6823567884e-11
13000 	 13341 	 1.0025089755e-05 	 1.2176388364e-10
13100 	 13459 	 1.0025089755e-05 	 9.3106100506e-11
13200 	 13571 	 1.0025089755e-05 	 1.1781511486e-10
13300 	 13683 	 1.0025089755e-05 	 1.1873524216e-10
13400 	 13786 	 1.0025089755e-05 	 1.7533778144e-10
13500 	 13890 	 1.0025089755e-05 	 1.3103522598e-10
13600 	 14000 	 1.0025089755e-05 	 8.5788138294e-11
13700 	 14117 	 1.0025089755e-05 	 8.0998408966e-11
# ---- 
 1 		 13790 	 14246 		 1.8261582073e-05 	 1.0025089755e-05 	 1.0575519182e-10
# ---- 
100 	 105 	 1.3499527549e-05 	 1.4363690866e-05
200 	 205 	 1.3415477305e-05 	 3.5746002986e-06
300 	 307 	 1.3395599781e-05 	 2.9881498221e-06
400 	 408 	 1.3373863979e-05 	 2.8623558028e-06
500 	 510 	 1.3355506256e-05 	 4.5669560288e-06
600 	 614 	 1.3340457837e-05 	 2.4359009310e-06
700 	 716 	 1.3327330953e-05 	 2.1398641395e-06
800 	 819 	 1.3319455478e-05 	 2.8155236680e-06
900 	 920 	 1.3315299405e-05 	 9.6372008583e-07
1000 	 1022 	 1.3313543337e-05 	 9.5042515506e-07
1100 	 1125 	 1.3312817023e-05 	 5.9782996693e-07
1200 	 1228 	 1.3312446972e-05 	 2.6697697582e-07
1300 	 1330 	 1.3312248976e-05 	 2.3350203325e-07
1400 	 1432 	 1.3312141432e-05 	 2.0024299546e-07
1500 	 1534 	 1.3312059219e-05 	 2.4263334761e-07
1600 	 1635 	 1.3312005069e-05 	 1.4389671545e-07
1700 	 1738 	 1.3311963452e-05 	 1.3493990315e-07
1800 	 1839 	 1.3311934082e-05 	 1.0698177332e-07
1900 	 1942 	 1.3311916238e-05 	 9.3207152731e-08
2000 	 2043 	 1.3311905890e-05 	 4.4987543011e-08
2100 	 2147 	 1.3311899744e-05 	 3.8265512843e-08
2200 	 2248 	 1.3311895334e-05 	 4.0935637885e-08
2300 	 2352 	 1.3311891586e-05 	 4.1180174316e-08
2400 	 2456 	 1.3311887740e-05 	 4.5451504496e-08
2500 	 2557 	 1.3311882838e-05 	 5.3645263821e-08
2600 	 2660 	 1.3311877531e-05 	 5.4245216297e-08
2700 	 2762 	 1.3311870774e-05 	 6.9357194954e-08
2800 	 2862 	 1.3311862670e-05 	 7.1811328047e-08
2900 	 2963 	 1.3311854166e-05 	 9.7659277829e-08
3000 	 3066 	 1.3311846700e-05 	 5.6542260654e-08
3100 	 3169 	 1.3311840872e-05 	 4.5814636017e-08
3200 	 3270 	 1.3311836665e-05 	 4.0378612874e-08
3300 	 3371 	 1.3311833395e-05 	 3.3368538382e-08
3400 	 3472 	 1.3311830874e-05 	 3.8640253406e-08
3500 	 3575 	 1.3311828956e-05 	 2.8237454835e-08
3600 	 3677 	 1.3311827784e-05 	 6.1133231169e-08
3700 	 3779 	 1.3311827099e-05 	 2.3873575179e-08
3800 	 3884 	 1.3311826714e-05 	 1.2108915323e-08
3900 	 3986 	 1.3311826445e-05 	 2.7962520107e-08
4000 	 4089 	 1.3311826170e-05 	 1.4259335581e-08
4100 	 4193 	 1.3311825937e-05 	 1.0206266625e-08
4200 	 4295 	 1.3311825775e-05 	 8.9084386682e-09
4300 	 4398 	 1.3311825650e-05 	 1.4107287724e-08
4400 	 4502 	 1.3311825549e-05 	 5.9718204883e-09
4500 	 4604 	 1.3311825397e-05 	 1.9129674250e-08
4600 	 4707 	 1.3311825088e-05 	 1.4257185789e-08
4700 	 4809 	 1.3311824565e-05 	 1.7416252571e-08
4800 	 4911 	 1.3311823987e-05 	 2.2995380279e-08
4900 	 5011 	 1.3311823598e-05 	 9.5431373240e-09
5000 	 5113 	 1.3311823407e-05 	 6.4424095067e-09
5100 	 5216 	 1.3311823305e-05 	 6.6094757544e-09
5200 	 5320 	 1.3311823232e-05 	 1.0473360525e-08
5300 	 5422 	 1.3311823163e-05 	 5.2575853805e-09
5400 	 5525 	 1.3311823079e-05 	 6.2158572538e-09
5500 	 5627 	 1.3311823023e-05 	 4.1140258209e-09
5600 	 5730 	 1.3311823001e-05 	 2.9301082595e-09
5700 	 5833 	 1.3311822994e-05 	 1.5168948564e-09
5800 	 5938 	 1.3311822990e-05 	 1.3505644431e-09
5900 	 6040 	 1.3311822986e-05 	 2.3282457984e-09
6000 	 6145 	 1.3311822980e-05 	 1.5490861155e-09
6100 	 6248 	 1.3311822969e-05 	 4.5373366715e-09
6200 	 6349 	 1.3311822951e-05 	 3.0090104205e-09
6300 	 6454 	 1.3311822932e-05 	 4.7967128899e-09
6400 	 6554 	 1.3311822917e-05 	 2.5919915567e-09
6500 	 6657 	 1.3311822907e-05 	 2.2481006947e-09
6600 	 6760 	 1.3311822899e-05 	 2.0878177488e-09
6700 	 6860 	 1.3311822886e-05 	 4.6843374721e-09
6800 	 6963 	 1.3311822871e-05 	 2.8998783731e-09
6900 	 7066 	 1.3311822859e-05 	 5.8883093801e-09
7000 	 7167 	 1.3311822852e-05 	 1.4825126703e-09
7100 	 7270 	 1.3311822850e-05 	 1.6127163633e-09
7200 	 7373 	 1.3311822849e-05 	 4.7802198307e-10
7300 	 7476 	 1.3311822848e-05 	 5.1459875643e-10
7400 	 7578 	 1.3311822848e-05 	 5.2789477254e-10
7500 	 7681 	 1.3311822847e-05 	 6.1789916046e-10
7600 	 7784 	 1.3311822846e-05 	 1.6986997180e-09
7700 	 7886 	 1.3311822845e-05 	 8.2922859931e-10
7800 	 7988 	 1.3311822844e-05 	 5.2656254252e-10
7900 	 8091 	 1.3311822844e-05 	 5.5085601911e-10
8000 	 8193 	 1.3311822843e-05 	 7.0610742545e-10
8100 	 8296 	 1.3311822842e-05 	 1.0790290084e-09
8200 	 8397 	 1.3311822839e-05 	 9.4877333705e-10
8300 	 8500 	 1.3311822838e-05 	 1.0264179228e-09
8400 	 8602 	 1.3311822838e-05 	 4.0726918178e-10
8500 	 8704 	 1.3311822837e-05 	 5.9842536968e-10
8600 	 8805 	 1.3311822837e-05 	 4.0954690838e-10
8700 	 8905 	 1.3311822837e-05 	 3.6926443309e-10
8800 	 9009 	 1.3311822837e-05 	 4.5602535624e-10
8900 	 9111 	 1.3311822836e-05 	 5.5599303642e-10
9000 	 9215 	 1.3311822836e-05 	 1.4302322144e-10
9100 	 9328 	 1.3311822836e-05 	 1.2791679242e-10
9200 	 9442 	 1.3311822836e-05 	 8.6135704688e-11
9300 	 9547 	 1.3311822836e-05 	 8.9157201780e-11
9400 	 9653 	 1.3311822836e-05 	 1.6743740194e-10
9500 	 9762 	 1.3311822836e-05 	 1.3009729719e-10
9600 	 9866 	 1.3311822836e-05 	 9.4948562048e-11
9700 	 9976 	 1.3311822836e-05 	 9.8054416761e-11
9800 	 10091 	 1.3311822836e-05 	 1.3857578752e-10
9900 	 10208 	 1.3311822836e-05 	 1.1088699926e-10
10000 	 10325 	 1.3311822836e-05 	 1.4163437420e-10
10100 	 10433 	 1.3311822836e-05 	 1.7541560694e-10
10200 	 10547 	 1.3311822836e-05 	 1.7972333555e-10
10300 	 10659 	 1.3311822836e-05 	 1.3386492357e-10
# ---- 
 1 		 10381 	 10755 		 2.1576391310e-05 	 1.3311822836e-05 	 8.4131228782e-11
# ---- 
100 	 104 	 1.7144975297e-05 	 2.0917713887e-05
200 	 206 	 1.7073539026e-05 	 3.0998901234e-06
300 	 309 	 1.7055327692e-05 	 2.2437288277e-06
400 	 412 	 1.7035680812e-05 	 2.4384713008e-06
500 	 516 	 1.7018521283e-05 	 4.9499408727e-06
600 	 618 	 1.7005301248e-05 	 2.3543913426e-06
700 	 720 	 1.6994137999e-05 	 1.9324034836e-06
800 	 822 	 1.6987781550e-05 	 1.9303265495e-06
900 	 926 	 1.6984098672e-05 	 6.5132816666e-07
1000 	 1028 	 1.6982584441e-05 	 7.4138580809e-07
1100 	 1131 	 1.6981939684e-05 	 4.5615204798e-07
1200 	 1232 	 1.6981622461e-05 	 3.0419041149e-07
1300 	 1332 	 1.6981472673e-05 	 1.6570333378e-07
1400 	 1432 	 1.6981419721e-05 	 1.1016267468e-07
1500 	 1534 	 1.6981401097e-05 	 6.4505241860e-08
1600 	 1637 	 1.6981393634e-05 	 6.8482471678e-08
1700 	 1738 	 1.6981388437e-05 	 7.7504920974e-08
1800 	 1840 	 1.6981382694e-05 	 5.4425915662e-08
1900 	 1944 	 1.6981375913e-05 	 4.7126781055e-08
2000 	 2048 	 1.6981370108e-05 	 3.5590431910e-08
2100 	 2150 	 1.6981366268e-05 	 2.9277356679e-08
2200 	 2252 	 1.6981363741e-05 	 4.1681083868e-08
2300 	 2355 	 1.6981361010e-05 	 3.1253855628e-08
2400 	 2455 	 1.6981357532e-05 	 3.6029799946e-08
2500 	 2557 	 1.6981353795e-05 	 6.8022071939e-08
2600 	 2658 	 1.6981349750e-05 	 5.0067869967e-08
2700 	 2761 	 1.6981345980e-05 	 3.7524428462e-08
2800 	 2861 	 1.6981343068e-05 	 4.1863517823e-08
2900 	 2964 	 1.6981340411e-05 	 3.8670958021e-08
3000 	 3066 	 1.6981338213e-05 	 3.4523710051e-08
3100 	 3167 	 1.6981336352e-05 	 2.9881763459e-08
3200 	 3268 	 1.6981335223e-05 	 2.2007174310e-08
3300 	 3369 	 1.6981334571e-05 	 1.4274259323e-08
3400 	 3471 	 1.6981334253e-05 	 1.9359870105e-08
3500 	 3572 	 1.6981333992e-05 	 1.5024956643e-08
3600 	 3675 	 1.6981333701e-05 	 9.9608055171e-09
3700 	 3777 	 1.6981333458e-05 	 2.1780933620e-08
3800 	 3882 	 1.6981333302e-05 	 6.9071854900e-09
3900 	 3985 	 1.6981333219e-05 	 5.1403005114e-09
4000 	 4087 	 1.6981333162e-05 	 4.7552663370e-09
4100 	 4188 	 1.6981333102e-05 	 4.6118054567e-09
4200 	 4291 	 1.6981333018e-05 	 8.1348102530e-09
4300 	 4393 	 1.6981332821e-05 	 1.0445585046e-08
4400 	 4494 	 1.6981332420e-05 	 1.5729702762e-08
4500 	 4596 	 1.6981331903e-05 	 1.5159993073e-08
4600 	 4698 	 1.6981331604e-05 	 1.1274750035e-08
4700 	 4803 	 1.6981331489e-05 	 6.1765017402e-09
4800 	 4905 	 1.6981331426e-05 	 9.4959624372e-09
4900 	 5007 	 1.6981331376e-05 	 4.1785158376e-09
5000 	 5108 	 1.6981331318e-05 	 6.1209411048e-09
5100 	 5209 	 1.6981331263e-05 	 8.8983906570e-09
5200 	 5309 	 1.6981331238e-05 	 2.6503695023e-09
5300 	 5411 	 1.6981331229e-05 	 2.5989221585e-09
5400 	 5513 	 1.6981331225e-05 	 1.0272041105e-09
5500 	 5614 	 1.6981331223e-05 	 8.4634878244e-10
5600 	 5718 	 1.6981331222e-05 	 1.0310932094e-09
5700 	 5823 	 1.6981331219e-05 	 2.1548574225e-09
5800 	 5926 	 1.6981331216e-05 	 1.4861239200e-09
5900 	 6029 	 1.6981331211e-05 	 1.3626558878e-09
6000 	 6134 	 1.6981331209e-05 	 8.7334414017e-10
6100 	 6237 	 1.6981331207e-05 	 7.9422406682e-10
6200 	 6338 	 1.6981331206e-05 	 9.5318985028e-10
6300 	 6441 	 1.6981331201e-05 	 2.3206005667e-09
6400 	 6544 	 1.6981331192e-05 	 1.6894178492e-09
6500 	 6645 	 1.6981331185e-05 	 1.5494333441e-09
6600 	 6749 	 1.6981331181e-05 	 1.0830566662e-09
6700 	 6853 	 1.6981331180e-05 	 4.6355858853e-10
6800 	 6954 	 1.6981331179e-05 	 4.4277375930e-10
6900 	 7056 	 1.6981331179e-05 	 5.5831605095e-10
7000 	 7160 	 1.6981331178e-05 	 1.1365233202e-09
7100 	 7265 	 1.6981331178e-05 	 5.0668002282e-10
7200 	 7365 	 1.6981331178e-05 	 3.6284440600e-10
7300 	 7469 	 1.6981331177e-05 	 2.0574135898e-10
7400 	 7577 	 1.6981331177e-05 	 4.4111979092e-10
7500 	 7681 	 1.6981331177e-05 	 2.3078469726e-10
7600 	 7783 	 1.6981331177e-05 	 5.5148732341e-10
7700 	 7885 	 1.6981331177e-05 	 5.7582994479e-10
7800 	 7988 	 1.6981331176e-05 	 5.6635804114e-10
7900 	 8091 	 1.6981331176e-05 	 3.0461907071e-10
8000 	 8194 	 1.6981331176e-05 	 2.1790950592e-10
8100 	 8302 	 1.6981331176e-05 	 2.8154327208e-10
8200 	 8405 	 1.6981331176e-05 	 3.1278618040e-10
8300 	 8507 	 1.6981331176e-05 	 3.2449065424e-10
8400 	 8609 	 1.6981331176e-05 	 4.2322965379e-10
8500 	 8710 	 1.6981331175e-05 	 2.3668074897e-10
8600 	 8831 	 1.6981331175e-05 	 1.6777947793e-10
8700 	 8945 	 1.6981331175e-05 	 1.0271070778e-10
8800 	 9069 	 1.6981331175e-05 	 5.9162050724e-11
# ---- 
 1 		 8876 	 9171 		 2.5268592352e-05 	 1.6981331175e-05 	 7.3925489876e-11
# ---- 
100 	 104 	 2.1176035820e-05 	 1.6466929630e-05
200 	 206 	 2.1116585777e-05 	 2.9600377746e-06
300 	 307 	 2.1099948266e-05 	 2.8005755549e-06
400 	 409 	 2.1081919949e-05 	 2.6787016310e-06
500 	 511 	 2.1066538070e-05 	 3.3354407054e-06
600 	 614 	 2.1054710132e-05 	 2.1333468040e-06
700 	 716 	 2.1044878001e-05 	 1.5457374328e-06
800 	 818 	 2.1038547332e-05 	 9.7605801121e-07
900 	 920 	 2.1035448494e-05 	 9.4180836903e-07
1000 	 1023 	 2.1034110018e-05 	 1.4120496128e-06
1100 	 1124 	 2.1033490013e-05 	 3.5115930788e-07
1200 	 1228 	 2.1033068972e-05 	 8.0812990980e-07
1300 	 1331 	 2.1032783560e-05 	 2.8333213910e-07
1400 	 1433 	 2.1032596551e-05 	 2.1640496597e-07
1500 	 1536 	 2.1032462271e-05 	 1.6515933268e-07
1600 	 1639 	 2.1032383883e-05 	 1.3187643055e-07
1700 	 1743 	 2.1032334053e-05 	 1.2193365582e-07
1800 	 1846 	 2.1032312418e-05 	 8.5698854172e-08
1900 	 1948 	 2.1032300701e-05 	 1.3467760566e-07
2000 	 2049 	 2.1032293374e-05 	 3.7490904179e-08
2100 	 2152 	 2.1032288500e-05 	 4.3666219155e-08
2200 	 2253 	 2.1032284844e-05 	 3.2655113262e-08
2300 	 2357 	 2.1032281363e-05 	 4.1414771099e-08
2400 	 2459 	 2.1032277960e-05 	 2.5503738934e-08
2500 	 2562 	 2.1032275310e-05 	 2.6671602454e-08
2600 	 2665 	 2.1032272962e-05 	 4.6074109363e-08
2700 	 2766 	 2.1032270667e-05 	 3.1339882754e-08
2800 	 2868 	 2.1032267985e-05 	 9.6192180410e-08
2900 	 2970 	 2.1032263945e-05 	 4.7530562773e-08
3000 	 3073 	 2.1032260052e-05 	 2.9940883373e-08
3100 	 3175 	 2.1032257627e-05 	 2.1591628236e-08
3200 	 3279 	 2.1032256072e-05 	 6.2385873893e-08
3300 	 3382 	 2.1032254774e-05 	 2.1619779009e-08
3400 	 3486 	 2.1032253627e-05 	 2.8136774866e-08
3500 	 3591 	 2.1032252398e-05 	 2.6620941121e-08
3600 	 3694 	 2.1032251544e-05 	 2.5179887629e-08
3700 	 3797 	 2.1032251150e-05 	 1.0213697232e-08
3800 	 3898 	 2.1032250985e-05 	 9.0056514594e-09
3900 	 4001 	 2.1032250891e-05 	 8.3422857735e-09
4000 	 4105 	 2.1032250761e-05 	 8.6960271325e-09
4100 	 4207 	 2.1032250569e-05 	 1.7932188291e-08
4200 	 4309 	 2.1032250203e-05 	 3.0928430308e-08
4300 	 4410 	 2.1032249891e-05 	 1.6852083926e-08
4400 	 4513 	 2.1032249689e-05 	 9.0726425509e-09
4500 	 4616 	 2.1032249541e-05 	 1.2892999650e-08
4600 	 4718 	 2.1032249392e-05 	 1.4075689452e-08
4700 	 4819 	 2.1032249229e-05 	 8.0491498474e-09
4800 	 4922 	 2.1032249101e-05 	 7.5593018579e-09
4900 	 5026 	 2.1032248982e-05 	 8.0981079598e-09
5000 	 5130 	 2.1032248863e-05 	 7.0189011272e-09
5100 	 5232 	 2.1032248783e-05 	 1.0025230042e-08
5200 	 5336 	 2.1032248730e-05 	 4.7773732573e-09
5300 	 5437 	 2.1032248698e-05 	 4.5016013398e-09
5400 	 5539 	 2.1032248677e-05 	 4.9641993512e-09
5500 	 5640 	 2.1032248658e-05 	 3.7642245833e-09
5600 	 5742 	 2.1032248626e-05 	 4.3703090967e-09
5700 	 5844 	 2.1032248569e-05 	 6.8314120210e-09
5800 	 5945 	 2.1032248481e-05 	 5.3305659035e-09
5900 	 6046 	 2.1032248399e-05 	 6.1898857998e-09
6000 	 6151 	 2.1032248356e-05 	 4.0796927491e-09
6100 	 6253 	 2.1032248333e-05 	 4.1116469401e-09
6200 	 6356 	 2.1032248313e-05 	 2.8019025727e-09
6300 	 6459 	 2.1032248293e-05 	 2.9333386007e-09
6400 	 6560 	 2.1032248276e-05 	 2.6715766489e-09
6500 	 6661 	 2.1032248264e-05 	 2.1440453490e-09
6600 	 6761 	 2.1032248258e-05 	 1.5167290036e-09
6700 	 6864 	 2.1032248256e-05 	 6.5724626278e-10
6800 	 6965 	 2.1032248255e-05 	 1.0848847603e-09
6900 	 7066 	 2.1032248255e-05 	 6.2779060241e-10
7000 	 7168 	 2.1032248254e-05 	 5.2091273097e-10
7100 	 7272 	 2.1032248253e-05 	 8.6158303106e-10
7200 	 7376 	 2.1032248252e-05 	 8.6781646937e-10
7300 	 7479 	 2.1032248251e-05 	 6.1325539596e-10
7400 	 7582 	 2.1032248251e-05 	 7.7445452818e-10
7500 	 7684 	 2.1032248250e-05 	 5.4787154945e-10
7600 	 7785 	 2.1032248249e-05 	 2.0761964544e-09
7700 	 7889 	 2.1032248248e-05 	 9.6731892043e-10
7800 	 7991 	 2.1032248247e-05 	 8.5027108483e-10
7900 	 8094 	 2.1032248246e-05 	 5.6362837564e-10
8000 	 8197 	 2.1032248246e-05 	 3.6313347368e-10
8100 	 8298 	 2.1032248246e-05 	 2.3107783774e-10
8200 	 8402 	 2.1032248245e-05 	 1.9341930851e-10
8300 	 8502 	 2.1032248245e-05 	 2.9549999950e-10
8400 	 8604 	 2.1032248245e-05 	 2.7340111522e-10
8500 	 8706 	 2.1032248245e-05 	 3.1718790745e-10
8600 	 8807 	 2.1032248245e-05 	 1.8803574783e-10
8700 	 8913 	 2.1032248245e-05 	 3.1580718840e-10
8800 	 9019 	 2.1032248245e-05 	 2.8172950211e-10
8900 	 9121 	 2.1032248245e-05 	 2.3322621194e-10
9000 	 9222 	 2.1032248245e-05 	 3.6559722727e-10
9100 	 9323 	 2.1032248244e-05 	 3.2246543543e-10
9200 	 9428 	 2.1032248244e-05 	 2.1801277973e-10
9300 	 9536 	 2.1032248244e-05 	 1.3339540184e-10
9400 	 9651 	 2.1032248244e-05 	 9.3073853368e-11
9500 	 9762 	 2.1032248244e-05 	 5.4715708610e-11
# ---- 
 1 		 9523 	 9804 		 2.9342702013e-05 	 2.1032248244e-05 	 5.0086275786e-11
# ---- 
100 	 103 	 2.5587187746e-05 	 8.6015262538e-06
200 	 205 	 2.5540436801e-05 	 4.4001984833e-06
300 	 308 	 2.5525212161e-05 	 2.7157684775e-06
400 	 411 	 2.5508285547e-05 	 4.6725413071e-06
500 	 517 	 2.5494332207e-05 	 2.1890472055e-06
600 	 619 	 2.5484066892e-05 	 5.3756958860e-06
700 	 721 	 2.5475597140e-05 	 2.4183879794e-06
800 	 821 	 2.5469712776e-05 	 1.0776661956e-06
900 	 923 	 2.5466501828e-05 	 1.7257012214e-06
1000 	 1024 	 2.5464893659e-05 	 7.5033408545e-07
1100 	 1127 	 2.5464151210e-05 	 7.8000566236e-07
1200 	 1228 	 2.5463719005e-05 	 2.9866439267e-07
1300 	 1328 	 2.5463435764e-05 	 3.1336782951e-07
1400 	 1430 	 2.5463252488e-05 	 2.7410177844e-07
1500 	 1534 	 2.5463156421e-05 	 3.6213329330e-07
1600 	 1638 	 2.5463103791e-05 	 1.1390333555e-07
1700 	 1740 	 2.5463069295e-05 	 1.2158039768e-07
1800 	 1844 	 2.5463052312e-05 	 1.0280088154e-07
1900 	 1947 	 2.5463040304e-05 	 6.0070960991e-08
2000 	 2051 	 2.5463030987e-05 	 8.0766352868e-08
2100 	 2152 	 2.5463024604e-05 	 4.7064137335e-08
2200 	 2254 	 2.5463020346e-05 	 5.9972825225e-08
2300 	 2355 	 2.5463017560e-05 	 3.1508435471e-08
2400 	 2456 	 2.5463015470e-05 	 2.5641813560e-08
2500 	 2558 	 2.5463013445e-05 	 3.6851685593e-08
2600 	 2661 	 2.5463010378e-05 	 1.1706274591e-07
2700 	 2761 	 2.5463005794e-05 	 4.9414060125e-08
2800 	 2863 	 2.5463000899e-05 	 5.5044140974e-08
2900 	 2966 	 2.5462996536e-05 	 6.5456899978e-08
3000 	 3067 	 2.5462993821e-05 	 3.6017505083e-08
3100 	 3168 	 2.5462992021e-05 	 4.9863078433e-08
3200 	 3270 	 2.5462990759e-05 	 2.0750763045e-08
3300 	 3373 	 2.5462989899e-05 	 2.4191729468e-08
3400 	 3474 	 2.5462989285e-05 	 1.3286600972e-08
3500 	 3575 	 2.5462988969e-05 	 1.1887046876e-08
3600 	 3678 	 2.5462988698e-05 	 1.1124097345e-08
3700 	 3782 	 2.5462988478e-05 	 9.8973322157e-09
3800 	 3885 	 2.5462988309e-05 	 8.6724610742e-09
3900 	 3986 	 2.5462988182e-05 	 9.9180309931e-09
4000 	 4090 	 2.5462988091e-05 	 1.7259212018e-08
4100 	 4190 	 2.5462988023e-05 	 1.1925016281e-08
4200 	 4292 	 2.5462987968e-05 	 5.3144773905e-09
4300 	 4395 	 2.5462987900e-05 	 4.2751163621e-09
4400 	 4499 	 2.5462987790e-05 	 9.8571581845e-09
4500 	 4602 	 2.5462987600e-05 	 1.1267842776e-08
4600 	 4705 	 2.5462987378e-05 	 1.2272621756e-08
4700 	 4808 	 2.5462987190e-05 	 8.1439080984e-09
4800 	 4909 	 2.5462987069e-05 	 9.6263072429e-09
4900 	 5010 	 2.5462986989e-05 	 7.0097390980e-09
5000 	 5112 	 2.5462986922e-05 	 1.0217684701e-08
5100 	 5215 	 2.5462986850e-05 	 6.2740400941e-09
5200 	 5317 	 2.5462986788e-05 	 7.7832127190e-09
5300 	 5418 	 2.5462986753e-05 	 3.5944859886e-09
5400 	 5520 	 2.5462986735e-05 	 3.2560972230e-09
5500 	 5622 	 2.5462986725e-05 	 1.7016518256e-09
5600 	 5723 	 2.5462986719e-05 	 2.4790644362e-09
5700 	 5823 	 2.5462986716e-05 	 1.3236939806e-09
5800 	 5924 	 2.5462986714e-05 	 1.0493875153e-09
5900 	 6027 	 2.5462986712e-05 	 8.6815521081e-10
6000 	 6128 	 2.5462986711e-05 	 1.4450896239e-09
6100 	 6232 	 2.5462986710e-05 	 8.0063002784e-10
6200 	 6335 	 2.5462986710e-05 	 6.7732254241e-10
6300 	 6438 	 2.5462986709e-05 	 7.6453908348e-10
6400 	 6541 	 2.5462986707e-05 	 1.0910704534e-09
6500 	 6643 	 2.5462986705e-05 	 1.4654141641e-09
6600 	 6743 	 2.5462986703e-05 	 3.1834643636e-09
6700 	 6845 	 2.5462986701e-05 	 1.1207110624e-09
6800 	 6946 	 2.5462986699e-05 	 5.8594574037e-10
6900 	 7049 	 2.5462986699e-05 	 5.4769660249e-10
7000 	 7151 	 2.5462986698e-05 	 5.8972949178e-10
7100 	 7253 	 2.5462986697e-05 	 6.8247769130e-10
7200 	 7354 	 2.5462986696e-05 	 7.0458144428e-10
7300 	 7458 	 2.5462986696e-05 	 4.0028908681e-10
7400 	 7560 	 2.5462986696e-05 	 2.6543954499e-10
7500 	 7661 	 2.5462986696e-05 	 2.9175642269e-10
7600 	 7773 	 2.5462986696e-05 	 4.2829762082e-10
7700 	 7880 	 2.5462986696e-05 	 3.3988845416e-10
7800 	 7985 	 2.5462986696e-05 	 4.1576946105e-10
7900 	 8088 	 2.5462986695e-05 	 3.3767057156e-10
8000 	 8191 	 2.5462986695e-05 	 3.4423394298e-10
8100 	 8296 	 2.5462986695e-05 	 3.5216630028e-10
8200 	 8399 	 2.5462986695e-05 	 3.9224757934e-10
8300 	 8501 	 2.5462986695e-05 	 2.1494169196e-10
8400 	 8610 	 2.5462986695e-05 	 1.6650125976e-10
8500 	 8723 	 2.5462986695e-05 	 2.1424651601e-10
8600 	 8844 	 2.5462986695e-05 	 1.4076243054e-10
8700 	 8959 	 2.5462986695e-05 	 1.5686760944e-10
8800 	 9070 	 2.5462986695e-05 	 7.6136287124e-11
8900 	 9184 	 2.5462986695e-05 	 8.8329313666e-11
# ---- 
 1 		 8904 	 9203 		 3.3796851344e-05 	 2.5462986695e-05 	 9.1584796431e-11
# ---- 
100 	 104 	 3.0387489938e-05 	 1.1685948729e-05
200 	 206 	 3.0344506645e-05 	 3.1765686748e-06
300 	 309 	 3.0329788485e-05 	 2.0957421054e-06
400 	 411 	 3.0307356035e-05 	 8.5238242463e-06
500 	 512 	 3.0200779252e-05 	 3.4321479429e-06
600 	 613 	 3.0184161346e-05 	 1.7282706065e-06
700 	 715 	 3.0178411481e-05 	 1.8493371642e-06
800 	 819 	 3.0174391871e-05 	 1.7049365531e-06
900 	 923 	 3.0169342048e-05 	 1.6361688371e-06
1000 	 1024 	 3.0164587478e-05 	 7.8726383830e-07
1100 	 1127 	 3.0162048029e-05 	 1.0939250524e-06
1200 	 1230 	 3.0160934292e-05 	 4.1018487470e-07
1300 	 1333 	 3.0160427522e-05 	 8.6229312736e-07
1400 	 1434 	 3.0160264528e-05 	 1.8253464647e-07
1500 	 1539 	 3.0160165381e-05 	 1.6057851215e-07
1600 	 1639 	 3.0160053935e-05 	 1.9770546616e-07
1700 	 1742 	 3.0159964631e-05 	 2.6036414607e-07
1800 	 1846 	 3.0159857014e-05 	 2.5993270880e-07
1900 	 1947 	 3.0159747153e-05 	 1.9492191471e-07
2000 	 2048 	 3.0159649154e-05 	 1.8551448217e-07
2100 	 2149 	 3.0159561606e-05 	 1.7981148269e-07
2200 	 2252 	 3.0159459773e-05 	 2.3444904064e-07
2300 	 2354 	 3.0159324464e-05 	 4.8697594853e-07
2400 	 2456 	 3.0159146490e-05 	 4.3030312477e-07
2500 	 2557 	 3.0158944699e-05 	 3.6435040722e-07
2600 	 2660 	 3.0158710985e-05 	 3.3213563092e-07
2700 	 2762 	 3.0158512152e-05 	 3.0713728585e-07
2800 	 2864 	 3.0158395482e-05 	 2.4659942721e-07
2900 	 2967 	 3.0158330377e-05 	 2.5252784468e-07
3000 	 3069 	 3.0158300776e-05 	 2.0393589385e-07
3100 	 3171 	 3.0158285264e-05 	 7.2452841988e-08
3200 	 3273 	 3.0158275295e-05 	 6.8035788444e-08
3300 	 3376 	 3.0158267221e-05 	 7.3470083069e-08
3400 	 3479 	 3.0158256800e-05 	 9.7300752836e-08
3500 	 3585 	 3.0158240907e-05 	 1.9279331438e-07
3600 	 3687 	 3.0158221035e-05 	 1.0980716369e-07
3700 	 3790 	 3.0158199098e-05 	 2.1985182502e-07
3800 	 3892 	 3.0158181860e-05 	 1.5358445107e-07
3900 	 3994 	 3.0158167716e-05 	 7.0974177234e-08
4000 	 4095 	 3.0158152485e-05 	 1.1432666017e-07
4100 	 4196 	 3.0158128814e-05 	 2.4830080286e-07
4200 	 4298 	 3.0158098387e-05 	 1.2100315002e-07
4300 	 4401 	 3.0158069622e-05 	 1.1907155794e-07
4400 	 4504 	 3.0158050914e-05 	 7.9602475790e-08
4500 	 4605 	 3.0158042158e-05 	 4.6443824640e-08
4600 	 4708 	 3.0158038507e-05 	 3.1398876422e-08
4700 	 4809 	 3.0158036536e-05 	 3.9523523128e-08
4800 	 4910 	 3.0158034954e-05 	 2.5495760597e-08
4900 	 5013 	 3.0158032903e-05 	 3.0870865456e-08
5000 	 5114 	 3.0158029884e-05 	 4.2147305064e-08
5100 	 5216 	 3.0158025657e-05 	 7.2291812101e-08
5200 	 5317 	 3.0158022601e-05 	 3.3560932531e-08
5300 	 5418 	 3.0158021113e-05 	 1.5259598570e-08
5400 	 5520 	 3.0158020377e-05 	 2.0174185240e-08
5500 	 5624 	 3.0158019581e-05 	 2.4923670072e-08
5600 	 5727 	 3.0158018472e-05 	 2.0099597178e-08
5700 	 5830 	 3.0158016956e-05 	 2.8979350377e-08
5800 	 5932 	 3.0158015759e-05 	 2.0080700373e-08
5900 	 6035 	 3.0158015074e-05 	 1.5211174029e-08
6000 	 6137 	 3.0158014651e-05 	 1.1402912718e-08
6100 	 6241 	 3.0158014336e-05 	 9.8861006832e-09
6200 	 6343 	 3.0158013909e-05 	 1.6875168067e-08
6300 	 6448 	 3.0158013414e-05 	 1.8036471052e-08
6400 	 6553 	 3.0158013002e-05 	 1.0560751214e-08
6500 	 6655 	 3.0158012732e-05 	 8.7904576603e-09
6600 	 6757 	 3.0158012599e-05 	 6.8719863168e-09
6700 	 6859 	 3.0158012495e-05 	 8.2342366804e-09
6800 	 6961 	 3.0158012340e-05 	 1.0169333065e-08
6900 	 7064 	 3.0158012125e-05 	 9.1175227134e-09
7000 	 7166 	 3.0158011916e-05 	 1.2941122813e-08
7100 	 7270 	 3.0158011791e-05 	 6.1043482044e-09
7200 	 7373 	 3.0158011723e-05 	 4.5362437251e-09
7300 	 7476 	 3.0158011663e-05 	 7.7138580822e-09
7400 	 7579 	 3.0158011571e-05 	 8.6841524652e-09
7500 	 7679 	 3.0158011422e-05 	 2.0598326599e-08
7600 	 7782 	 3.0158011276e-05 	 9.9539303112e-09
7700 	 7883 	 3.0158011194e-05 	 5.1827741421e-09
7800 	 7987 	 3.0158011161e-05 	 4.9240698647e-09
7900 	 8087 	 3.0158011150e-05 	 1.7376036664e-09
8000 	 8190 	 3.0158011145e-05 	 1.1996303426e-09
8100 	 8294 	 3.0158011139e-05 	 2.4694211780e-09
8200 	 8397 	 3.0158011130e-05 	 2.3971175401e-09
8300 	 8499 	 3.0158011111e-05 	 3.7747789536e-09
8400 	 8601 	 3.0158011090e-05 	 4.2271145057e-09
8500 	 8704 	 3.0158011075e-05 	 3.6594843038e-09
8600 	 8806 	 3.0158011068e-05 	 1.8177686829e-09
8700 	 8911 	 3.0158011065e-05 	 1.1059488177e-09
8800 	 9015 	 3.0158011062e-05 	 1.9529001367e-09
8900 	 9119 	 3.0158011059e-05 	 1.1557863494e-09
9000 	 9222 	 3.0158011057e-05 	 1.1713944817e-09
9100 	 9324 	 3.0158011055e-05 	 6.3932584112e-10
9200 	 9428 	 3.0158011055e-05 	 4.6940539318e-10
9300 	 9531 	 3.0158011054e-05 	 4.2852100528e-10
9400 	 9635 	 3.0158011054e-05 	 3.7158353724e-10
9500 	 9736 	 3.0158011054e-05 	 5.1044732678e-10
9600 	 9837 	 3.0158011053e-05 	 4.7178777081e-10
9700 	 9939 	 3.0158011053e-05 	 4.4218899573e-10
9800 	 10043 	 3.0158011052e-05 	 3.6722561556e-10
9900 	 10145 	 3.0158011052e-05 	 5.3238267434e-10
10000 	 10246 	 3.0158011052e-05 	 3.7356074012e-10
10100 	 10348 	 3.0158011052e-05 	 3.8866001608e-10
10200 	 10450 	 3.0158011051e-05 	 3.6242506305e-10
10300 	 10554 	 3.0158011051e-05 	 3.6528449215e-10
10400 	 10656 	 3.0158011051e-05 	 4.1161422651e-10
10500 	 10759 	 3.0158011051e-05 	 2.4306628699e-10
10600 	 10862 	 3.0158011051e-05 	 2.6314025555e-10
10700 	 10965 	 3.0158011050e-05 	 2.9744318638e-10
10800 	 11068 	 3.0158011050e-05 	 4.2478365859e-10
10900 	 11170 	 3.0158011050e-05 	 3.9152913374e-10
11000 	 11277 	 3.0158011050e-05 	 1.4675347619e-10
11100 	 11389 	 3.0158011050e-05 	 8.6195810074e-11
11200 	 11501 	 3.0158011050e-05 	 3.0436118399e-10
11300 	 11618 	 3.0158011050e-05 	 2.2829031813e-10
11400 	 11724 	 3.0158011050e-05 	 2.1061720771e-10
11500 	 11828 	 3.0158011050e-05 	 4.5693153520e-10
11600 	 11932 	 3.0158011050e-05 	 3.1032783495e-10
11700 	 12037 	 3.0158011050e-05 	 1.3293271509e-10
# ---- 
 1 		 11792 	 12157 		 3.8630189768e-05 	 3.0158011050e-05 	 1.0937985738e-10
# ---- 
